
Lesson >> 1
Difficulty score: 10
+----------------+----------------+
|  4   2   7   3 |  1   5  ..   6 | 
|  5   8  ..   6 |  2   3   7   4 | 
+----------------+----------------+
| ..   6   2   8 |  5   4   1   3 | 
|  3   5   4   1 |  8   6   2   7 | 
+----------------+----------------+
|  8   1   6   7 |  4   2   3   5 | 
|  2   3  ..   4 |  7   8  ..   1 | 
+----------------+----------------+
|  6   7   8   5 |  3  ..  ..  .. | 
| ..   4   3  .. |  6   7   5   8 | 
+----------------+----------------+

+----------------+----------------+
|  4   2   7   3 |  1   5   8   6 | 
|  5   8   1   6 |  2   3   7   4 | 
+----------------+----------------+
|  7   6   2   8 |  5   4   1   3 | 
|  3   5   4   1 |  8   6   2   7 | 
+----------------+----------------+
|  8   1   6   7 |  4   2   3   5 | 
|  2   3   5   4 |  7   8   6   1 | 
+----------------+----------------+
|  6   7   8   5 |  3   1   4   2 | 
|  1   4   3   2 |  6   7   5   8 | 
+----------------+----------------+

Lesson >> 2
Difficulty score: 10
+----------------+----------------+
|  7   4   5   1 |  3   8   6   2 | 
|  6   2   8  .. |  4   5   1   7 | 
+----------------+----------------+
|  2   1   7   4 |  6   3   5  .. | 
|  3   8  ..   5 |  7  ..   4   1 | 
+----------------+----------------+
|  5   7   1   8 |  2   4   3   6 | 
|  4  ..   3  .. |  8  ..  ..   5 | 
+----------------+----------------+
|  8   5  ..   6 |  1   7   2   3 | 
| ..   3   2   7 |  5   6   8   4 | 
+----------------+----------------+

+----------------+----------------+
|  7   4   5   1 |  3   8   6   2 | 
|  6   2   8   3 |  4   5   1   7 | 
+----------------+----------------+
|  2   1   7   4 |  6   3   5   8 | 
|  3   8   6   5 |  7   2   4   1 | 
+----------------+----------------+
|  5   7   1   8 |  2   4   3   6 | 
|  4   6   3   2 |  8   1   7   5 | 
+----------------+----------------+
|  8   5   4   6 |  1   7   2   3 | 
|  1   3   2   7 |  5   6   8   4 | 
+----------------+----------------+

Lesson >> 3
Difficulty score: 10
+----------------+----------------+
|  6   2   7   3 |  4   1   5   8 | 
| ..   5   8   1 |  7   3  ..   2 | 
+----------------+----------------+
|  8   6   2   4 |  1   5   3   7 | 
|  7   3   1  .. |  2  ..   4   6 | 
+----------------+----------------+
| ..   7   5   6 |  8   4   1  .. | 
|  1   4   3  .. |  6   2  ..   5 | 
+----------------+----------------+
|  3   8   4   7 | ..   6   2   1 | 
|  5   1   6   2 | ..   7   8   4 | 
+----------------+----------------+

+----------------+----------------+
|  6   2   7   3 |  4   1   5   8 | 
|  4   5   8   1 |  7   3   6   2 | 
+----------------+----------------+
|  8   6   2   4 |  1   5   3   7 | 
|  7   3   1   5 |  2   8   4   6 | 
+----------------+----------------+
|  2   7   5   6 |  8   4   1   3 | 
|  1   4   3   8 |  6   2   7   5 | 
+----------------+----------------+
|  3   8   4   7 |  5   6   2   1 | 
|  5   1   6   2 |  3   7   8   4 | 
+----------------+----------------+

Lesson >> 4
Difficulty score: 10
+----------------+----------------+
|  6   5   1   3 |  2   8   7   4 | 
| ..   8   7   4 |  1   6   3   5 | 
+----------------+----------------+
|  1  ..   3   6 |  4   2  ..  .. | 
|  8   4   5   2 |  6  ..   1   3 | 
+----------------+----------------+
| ..  ..   6   7 |  8   5   4   1 | 
|  4   1   8   5 | ..   3   6   2 | 
+----------------+----------------+
|  5   6   2   1 |  3   4  ..   7 | 
|  7   3   4   8 |  5   1   2  .. | 
+----------------+----------------+

+----------------+----------------+
|  6   5   1   3 |  2   8   7   4 | 
|  2   8   7   4 |  1   6   3   5 | 
+----------------+----------------+
|  1   7   3   6 |  4   2   5   8 | 
|  8   4   5   2 |  6   7   1   3 | 
+----------------+----------------+
|  3   2   6   7 |  8   5   4   1 | 
|  4   1   8   5 |  7   3   6   2 | 
+----------------+----------------+
|  5   6   2   1 |  3   4   8   7 | 
|  7   3   4   8 |  5   1   2   6 | 
+----------------+----------------+

Lesson >> 5
Difficulty score: 10
+----------------+----------------+
|  6   4   7   2 |  8   3   5   1 | 
|  5   1  ..   3 | ..   4   7  .. | 
+----------------+----------------+
|  1   8   3   6 | ..   7   4  .. | 
|  4   2   5   7 |  1   8   6   3 | 
+----------------+----------------+
| ..   6   4   5 |  7   2  ..   8 | 
|  2   7  ..   8 | ..   6   3   5 | 
+----------------+----------------+
|  7   3   2   1 |  6   5   8   4 | 
| ..   5   6   4 |  3   1   2   7 | 
+----------------+----------------+

+----------------+----------------+
|  6   4   7   2 |  8   3   5   1 | 
|  5   1   8   3 |  2   4   7   6 | 
+----------------+----------------+
|  1   8   3   6 |  5   7   4   2 | 
|  4   2   5   7 |  1   8   6   3 | 
+----------------+----------------+
|  3   6   4   5 |  7   2   1   8 | 
|  2   7   1   8 |  4   6   3   5 | 
+----------------+----------------+
|  7   3   2   1 |  6   5   8   4 | 
|  8   5   6   4 |  3   1   2   7 | 
+----------------+----------------+

Lesson >> 6
Difficulty score: 10
+----------------+----------------+
|  8  ..   1   2 |  6   5   3   4 | 
| ..  ..  ..   3 |  8   7   1  .. | 
+----------------+----------------+
| ..   5   3   6 |  4   1  ..   7 | 
|  7  ..   4   1 |  5   3   2   6 | 
+----------------+----------------+
|  1   4   7   8 |  2   6   5  .. | 
|  3   2   6   5 |  1   4   7   8 | 
+----------------+----------------+
|  6   1   8   7 |  3   2   4  .. | 
|  5   3   2   4 |  7   8   6   1 | 
+----------------+----------------+

+----------------+----------------+
|  8   7   1   2 |  6   5   3   4 | 
|  4   6   5   3 |  8   7   1   2 | 
+----------------+----------------+
|  2   5   3   6 |  4   1   8   7 | 
|  7   8   4   1 |  5   3   2   6 | 
+----------------+----------------+
|  1   4   7   8 |  2   6   5   3 | 
|  3   2   6   5 |  1   4   7   8 | 
+----------------+----------------+
|  6   1   8   7 |  3   2   4   5 | 
|  5   3   2   4 |  7   8   6   1 | 
+----------------+----------------+

Lesson >> 7
Difficulty score: 10
+----------------+----------------+
| ..   5   2   6 |  1   4   7   8 | 
|  7   1   4   8 |  5   2   6   3 | 
+----------------+----------------+
|  2   4  ..   3 |  7  ..   1   5 | 
|  6   7   1   5 |  4   3   8   2 | 
+----------------+----------------+
|  8   3  ..   4 |  6   7   2   1 | 
|  1   6   7   2 |  3   8   5   4 | 
+----------------+----------------+
|  4   8   6   1 | ..  ..   3   7 | 
|  5   2   3  .. | ..   1  ..  .. | 
+----------------+----------------+

+----------------+----------------+
|  3   5   2   6 |  1   4   7   8 | 
|  7   1   4   8 |  5   2   6   3 | 
+----------------+----------------+
|  2   4   8   3 |  7   6   1   5 | 
|  6   7   1   5 |  4   3   8   2 | 
+----------------+----------------+
|  8   3   5   4 |  6   7   2   1 | 
|  1   6   7   2 |  3   8   5   4 | 
+----------------+----------------+
|  4   8   6   1 |  2   5   3   7 | 
|  5   2   3   7 |  8   1   4   6 | 
+----------------+----------------+

Lesson >> 8
Difficulty score: 10
+----------------+----------------+
|  2   7   6   3 |  5   4   1   8 | 
|  8   5   4   1 |  2  ..   3   6 | 
+----------------+----------------+
| ..  ..  ..   2 |  1   8   7   4 | 
|  4   1  ..   8 |  3   6   2   5 | 
+----------------+----------------+
|  7  ..   2   6 | ..   3   5   1 | 
|  3   4   1   5 |  6  ..   8   7 | 
+----------------+----------------+
|  1  ..   8   4 |  7   5  ..   3 | 
|  6   3   5   7 |  8   1   4   2 | 
+----------------+----------------+

+----------------+----------------+
|  2   7   6   3 |  5   4   1   8 | 
|  8   5   4   1 |  2   7   3   6 | 
+----------------+----------------+
|  5   6   3   2 |  1   8   7   4 | 
|  4   1   7   8 |  3   6   2   5 | 
+----------------+----------------+
|  7   8   2   6 |  4   3   5   1 | 
|  3   4   1   5 |  6   2   8   7 | 
+----------------+----------------+
|  1   2   8   4 |  7   5   6   3 | 
|  6   3   5   7 |  8   1   4   2 | 
+----------------+----------------+

Lesson >> 9
Difficulty score: 10
+----------------+----------------+
|  3   1   4   6 |  5   7   2  .. | 
|  8  ..   5   2 |  4   6   1   3 | 
+----------------+----------------+
|  4   2   3   1 | ..   8   5   7 | 
|  6   8  ..   5 |  2  ..   3   1 | 
+----------------+----------------+
|  1   4   6   8 |  3   2   7   5 | 
|  5   3   2   7 |  8   1   4  .. | 
+----------------+----------------+
| ..   6   1  .. |  7   5   8   4 | 
| ..   5  ..   4 |  1   3   6   2 | 
+----------------+----------------+

+----------------+----------------+
|  3   1   4   6 |  5   7   2   8 | 
|  8   7   5   2 |  4   6   1   3 | 
+----------------+----------------+
|  4   2   3   1 |  6   8   5   7 | 
|  6   8   7   5 |  2   4   3   1 | 
+----------------+----------------+
|  1   4   6   8 |  3   2   7   5 | 
|  5   3   2   7 |  8   1   4   6 | 
+----------------+----------------+
|  2   6   1   3 |  7   5   8   4 | 
|  7   5   8   4 |  1   3   6   2 | 
+----------------+----------------+

Lesson >> 10
Difficulty score: 10
+----------------+----------------+
| ..   2   3   1 |  5   4   7   8 | 
|  5   8  ..   7 |  6   2   3   1 | 
+----------------+----------------+
|  2   4   1  .. |  3   5   8   7 | 
|  3   5   7   8 |  1   6   2   4 | 
+----------------+----------------+
|  7   6   2   5 |  8  ..   4   3 | 
| ..   1  ..   3 |  2   7   5   6 | 
+----------------+----------------+
|  1   3   5  .. |  7  ..  ..   2 | 
| ..   7   6   2 |  4   3   1   5 | 
+----------------+----------------+

+----------------+----------------+
|  6   2   3   1 |  5   4   7   8 | 
|  5   8   4   7 |  6   2   3   1 | 
+----------------+----------------+
|  2   4   1   6 |  3   5   8   7 | 
|  3   5   7   8 |  1   6   2   4 | 
+----------------+----------------+
|  7   6   2   5 |  8   1   4   3 | 
|  4   1   8   3 |  2   7   5   6 | 
+----------------+----------------+
|  1   3   5   4 |  7   8   6   2 | 
|  8   7   6   2 |  4   3   1   5 | 
+----------------+----------------+

Lesson >> 11
Difficulty score: 10
+----------------+----------------+
|  6  ..   8  .. | ..   5  ..   4 | 
|  5   7   4  .. |  8   1   6  .. | 
+----------------+----------------+
|  8   5   6   7 |  2   4   1   3 | 
|  1   3   2   4 |  5   8   7   6 | 
+----------------+----------------+
|  3   1   7   2 | ..   6   8   5 | 
|  4   6   5   8 |  1  ..   2   7 | 
+----------------+----------------+
|  2   4   1   6 |  3  ..   5   8 | 
|  7   8   3  .. |  6   2   4   1 | 
+----------------+----------------+

+----------------+----------------+
|  6   2   8   1 |  7   5   3   4 | 
|  5   7   4   3 |  8   1   6   2 | 
+----------------+----------------+
|  8   5   6   7 |  2   4   1   3 | 
|  1   3   2   4 |  5   8   7   6 | 
+----------------+----------------+
|  3   1   7   2 |  4   6   8   5 | 
|  4   6   5   8 |  1   3   2   7 | 
+----------------+----------------+
|  2   4   1   6 |  3   7   5   8 | 
|  7   8   3   5 |  6   2   4   1 | 
+----------------+----------------+

Lesson >> 12
Difficulty score: 10
+----------------+----------------+
| ..   1   2   3 |  8   4   7   5 | 
|  5   4   8  .. |  2   6  ..   3 | 
+----------------+----------------+
|  8   7   3  .. |  4   1   5   6 | 
|  4   5   6   1 |  7   3   8  .. | 
+----------------+----------------+
| ..   6   7   5 |  1   8   2   4 | 
|  2   8   1   4 |  3   5   6   7 | 
+----------------+----------------+
|  1   2  ..   6 |  5   7   3  .. | 
|  7   3   5  .. |  6  ..   4   1 | 
+----------------+----------------+

+----------------+----------------+
|  6   1   2   3 |  8   4   7   5 | 
|  5   4   8   7 |  2   6   1   3 | 
+----------------+----------------+
|  8   7   3   2 |  4   1   5   6 | 
|  4   5   6   1 |  7   3   8   2 | 
+----------------+----------------+
|  3   6   7   5 |  1   8   2   4 | 
|  2   8   1   4 |  3   5   6   7 | 
+----------------+----------------+
|  1   2   4   6 |  5   7   3   8 | 
|  7   3   5   8 |  6   2   4   1 | 
+----------------+----------------+

Lesson >> 13
Difficulty score: 10
+----------------+----------------+
|  1   6   4   3 |  7   8   5  .. | 
| ..  ..   5   2 |  6  ..   4   3 | 
+----------------+----------------+
|  8  ..   2   4 | ..  ..  ..   6 | 
|  6   1   3   7 |  8   4   2   5 | 
+----------------+----------------+
|  3  ..   1   5 |  2   6   8   4 | 
|  4   2   8   6 |  5   3   7   1 | 
+----------------+----------------+
|  5   4   6   8 |  1   2   3   7 | 
|  2   3   7   1 | ..   5   6   8 | 
+----------------+----------------+

+----------------+----------------+
|  1   6   4   3 |  7   8   5   2 | 
|  7   8   5   2 |  6   1   4   3 | 
+----------------+----------------+
|  8   5   2   4 |  3   7   1   6 | 
|  6   1   3   7 |  8   4   2   5 | 
+----------------+----------------+
|  3   7   1   5 |  2   6   8   4 | 
|  4   2   8   6 |  5   3   7   1 | 
+----------------+----------------+
|  5   4   6   8 |  1   2   3   7 | 
|  2   3   7   1 |  4   5   6   8 | 
+----------------+----------------+

Lesson >> 14
Difficulty score: 10
+----------------+----------------+
|  4   5   1  .. |  2   3   6   7 | 
|  6   7   2   3 | ..   8   4   1 | 
+----------------+----------------+
|  5   6   3   4 |  1   7   2   8 | 
|  7   2   8   1 |  4   5  ..   6 | 
+----------------+----------------+
|  3   1   5  .. |  7  ..   8  .. | 
|  8   4   7  .. | ..  ..   5   3 | 
+----------------+----------------+
|  2   3   4   7 |  8   6   1   5 | 
|  1  ..   6   5 |  3   2   7   4 | 
+----------------+----------------+

+----------------+----------------+
|  4   5   1   8 |  2   3   6   7 | 
|  6   7   2   3 |  5   8   4   1 | 
+----------------+----------------+
|  5   6   3   4 |  1   7   2   8 | 
|  7   2   8   1 |  4   5   3   6 | 
+----------------+----------------+
|  3   1   5   6 |  7   4   8   2 | 
|  8   4   7   2 |  6   1   5   3 | 
+----------------+----------------+
|  2   3   4   7 |  8   6   1   5 | 
|  1   8   6   5 |  3   2   7   4 | 
+----------------+----------------+

Lesson >> 15
Difficulty score: 10
+----------------+----------------+
|  4   6   7   1 |  3   5  ..   8 | 
|  8  ..   2  .. |  4   6   1   7 | 
+----------------+----------------+
|  6   8  ..   4 |  5   3   7   2 | 
|  3   2   5   7 |  6   8  ..   1 | 
+----------------+----------------+
| ..   3   4  .. |  7   1  ..   5 | 
|  1   7   6   5 |  8   2  ..   4 | 
+----------------+----------------+
| ..   1   8   6 |  2   4   5   3 | 
|  5   4   3   2 |  1   7   8   6 | 
+----------------+----------------+

+----------------+----------------+
|  4   6   7   1 |  3   5   2   8 | 
|  8   5   2   3 |  4   6   1   7 | 
+----------------+----------------+
|  6   8   1   4 |  5   3   7   2 | 
|  3   2   5   7 |  6   8   4   1 | 
+----------------+----------------+
|  2   3   4   8 |  7   1   6   5 | 
|  1   7   6   5 |  8   2   3   4 | 
+----------------+----------------+
|  7   1   8   6 |  2   4   5   3 | 
|  5   4   3   2 |  1   7   8   6 | 
+----------------+----------------+

Lesson >> 16
Difficulty score: 10
+----------------+----------------+
|  1   2   6   3 |  7   4   5   8 | 
|  5   8   4   7 |  1   2   6   3 | 
+----------------+----------------+
|  2   6   7   8 |  4   3   1   5 | 
| ..   1   5  .. |  8   6   2   7 | 
+----------------+----------------+
|  4  ..   3   2 | ..   8   7   1 | 
|  8   7   1   6 |  3   5  ..   2 | 
+----------------+----------------+
|  6  ..  ..   1 | ..   7   8  .. | 
|  7   4   8   5 |  2   1   3  .. | 
+----------------+----------------+

+----------------+----------------+
|  1   2   6   3 |  7   4   5   8 | 
|  5   8   4   7 |  1   2   6   3 | 
+----------------+----------------+
|  2   6   7   8 |  4   3   1   5 | 
|  3   1   5   4 |  8   6   2   7 | 
+----------------+----------------+
|  4   5   3   2 |  6   8   7   1 | 
|  8   7   1   6 |  3   5   4   2 | 
+----------------+----------------+
|  6   3   2   1 |  5   7   8   4 | 
|  7   4   8   5 |  2   1   3   6 | 
+----------------+----------------+

Lesson >> 17
Difficulty score: 10
+----------------+----------------+
|  4   7  ..   1 |  5  ..   2   6 | 
|  6   3  ..   2 |  8   7   1   4 | 
+----------------+----------------+
|  7  ..   4   6 |  3   5   8  .. | 
|  2   8   3   5 |  6   1   4   7 | 
+----------------+----------------+
|  1   5   2   8 |  4   6  ..   3 | 
|  3   4  ..   7 |  2   8   5   1 | 
+----------------+----------------+
|  8   6   7  .. |  1   2   3  .. | 
|  5   2   1   3 |  7  ..   6   8 | 
+----------------+----------------+

+----------------+----------------+
|  4   7   8   1 |  5   3   2   6 | 
|  6   3   5   2 |  8   7   1   4 | 
+----------------+----------------+
|  7   1   4   6 |  3   5   8   2 | 
|  2   8   3   5 |  6   1   4   7 | 
+----------------+----------------+
|  1   5   2   8 |  4   6   7   3 | 
|  3   4   6   7 |  2   8   5   1 | 
+----------------+----------------+
|  8   6   7   4 |  1   2   3   5 | 
|  5   2   1   3 |  7   4   6   8 | 
+----------------+----------------+

Lesson >> 18
Difficulty score: 10
+----------------+----------------+
|  2   7   6   1 |  8   5   3   4 | 
| ..  ..   8   5 |  2   1   7   6 | 
+----------------+----------------+
| ..   2   3   4 | ..  ..   6   1 | 
|  8   1   5   6 |  7   3   4   2 | 
+----------------+----------------+
|  4   6   2   8 | ..  ..   1   5 | 
|  1  ..   7   3 | ..  ..   2   8 | 
+----------------+----------------+
|  5   3   1   2 |  6   4   8   7 | 
|  6   8   4   7 |  1   2   5   3 | 
+----------------+----------------+

+----------------+----------------+
|  2   7   6   1 |  8   5   3   4 | 
|  3   4   8   5 |  2   1   7   6 | 
+----------------+----------------+
|  7   2   3   4 |  5   8   6   1 | 
|  8   1   5   6 |  7   3   4   2 | 
+----------------+----------------+
|  4   6   2   8 |  3   7   1   5 | 
|  1   5   7   3 |  4   6   2   8 | 
+----------------+----------------+
|  5   3   1   2 |  6   4   8   7 | 
|  6   8   4   7 |  1   2   5   3 | 
+----------------+----------------+

Lesson >> 19
Difficulty score: 10
+----------------+----------------+
|  6   1   7   2 | ..   4   8  .. | 
|  5   8   3   4 |  6   2  ..   1 | 
+----------------+----------------+
|  1   4   8   5 |  2   6  ..  .. | 
| ..   2   6   7 |  8  ..   5   4 | 
+----------------+----------------+
|  2  ..   1   3 |  5   8   4   6 | 
|  4   6   5   8 |  7   3   1  .. | 
+----------------+----------------+
|  8   5   2   1 |  4  ..   6   3 | 
|  7   3   4   6 |  1   5   2   8 | 
+----------------+----------------+

+----------------+----------------+
|  6   1   7   2 |  3   4   8   5 | 
|  5   8   3   4 |  6   2   7   1 | 
+----------------+----------------+
|  1   4   8   5 |  2   6   3   7 | 
|  3   2   6   7 |  8   1   5   4 | 
+----------------+----------------+
|  2   7   1   3 |  5   8   4   6 | 
|  4   6   5   8 |  7   3   1   2 | 
+----------------+----------------+
|  8   5   2   1 |  4   7   6   3 | 
|  7   3   4   6 |  1   5   2   8 | 
+----------------+----------------+

Lesson >> 20
Difficulty score: 10
+----------------+----------------+
|  2   5   4   6 |  8  ..   3   1 | 
|  7   8   1   3 |  2  ..  ..   6 | 
+----------------+----------------+
|  6   7  ..  .. |  4   8   1  .. | 
|  3   4   8   1 |  7  ..   2   5 | 
+----------------+----------------+
|  5   2   3   8 |  6   1   7   4 | 
|  4   1   6   7 |  5   3   8   2 | 
+----------------+----------------+
|  8   3   5   4 |  1  ..   6   7 | 
|  1   6   7   2 | ..   5  ..   8 | 
+----------------+----------------+

+----------------+----------------+
|  2   5   4   6 |  8   7   3   1 | 
|  7   8   1   3 |  2   4   5   6 | 
+----------------+----------------+
|  6   7   2   5 |  4   8   1   3 | 
|  3   4   8   1 |  7   6   2   5 | 
+----------------+----------------+
|  5   2   3   8 |  6   1   7   4 | 
|  4   1   6   7 |  5   3   8   2 | 
+----------------+----------------+
|  8   3   5   4 |  1   2   6   7 | 
|  1   6   7   2 |  3   5   4   8 | 
+----------------+----------------+

Lesson >> 21
Difficulty score: 10
+----------------+----------------+
|  5   3   6   2 |  4   8   7   1 | 
|  1   7   4   8 | ..   5   3   6 | 
+----------------+----------------+
|  4  ..   5   7 |  3   1   2   8 | 
|  8   1   2   3 |  6  ..   5   7 | 
+----------------+----------------+
|  3   2   1   5 |  7  ..   8   4 | 
|  7  ..   8   6 |  5   2   1   3 | 
+----------------+----------------+
| ..  ..   3   4 |  1   7  ..   5 | 
| ..   5   7   1 |  8  ..   4   2 | 
+----------------+----------------+

+----------------+----------------+
|  5   3   6   2 |  4   8   7   1 | 
|  1   7   4   8 |  2   5   3   6 | 
+----------------+----------------+
|  4   6   5   7 |  3   1   2   8 | 
|  8   1   2   3 |  6   4   5   7 | 
+----------------+----------------+
|  3   2   1   5 |  7   6   8   4 | 
|  7   4   8   6 |  5   2   1   3 | 
+----------------+----------------+
|  2   8   3   4 |  1   7   6   5 | 
|  6   5   7   1 |  8   3   4   2 | 
+----------------+----------------+

Lesson >> 22
Difficulty score: 10
+----------------+----------------+
|  6   5   2   8 |  1   7   4   3 | 
|  4   3   1   7 | ..   6   2   5 | 
+----------------+----------------+
| ..   4   5   1 |  3   2   6  .. | 
|  3  ..   7   2 | ..   5   8   1 | 
+----------------+----------------+
|  1  ..   3   5 |  6   4   7   2 | 
|  7   2   6   4 |  5   3  ..   8 | 
+----------------+----------------+
|  5   7   8   6 |  2   1   3  .. | 
|  2   1   4   3 | ..   8  ..   6 | 
+----------------+----------------+

+----------------+----------------+
|  6   5   2   8 |  1   7   4   3 | 
|  4   3   1   7 |  8   6   2   5 | 
+----------------+----------------+
|  8   4   5   1 |  3   2   6   7 | 
|  3   6   7   2 |  4   5   8   1 | 
+----------------+----------------+
|  1   8   3   5 |  6   4   7   2 | 
|  7   2   6   4 |  5   3   1   8 | 
+----------------+----------------+
|  5   7   8   6 |  2   1   3   4 | 
|  2   1   4   3 |  7   8   5   6 | 
+----------------+----------------+

Lesson >> 23
Difficulty score: 10
+----------------+----------------+
| ..   8   1   4 |  5   6   7   3 | 
|  3   6   5   7 |  1  ..   4   8 | 
+----------------+----------------+
|  5   7   4   3 |  6  ..   8   2 | 
|  8   2   6   1 |  7  ..   3   5 | 
+----------------+----------------+
|  4   1   3   8 |  2   5   6  .. | 
|  6  ..   7   2 |  3   8   1   4 | 
+----------------+----------------+
|  7  ..   2   6 | ..   3  ..   1 | 
|  1   3   8   5 |  4   7   2  .. | 
+----------------+----------------+

+----------------+----------------+
|  2   8   1   4 |  5   6   7   3 | 
|  3   6   5   7 |  1   2   4   8 | 
+----------------+----------------+
|  5   7   4   3 |  6   1   8   2 | 
|  8   2   6   1 |  7   4   3   5 | 
+----------------+----------------+
|  4   1   3   8 |  2   5   6   7 | 
|  6   5   7   2 |  3   8   1   4 | 
+----------------+----------------+
|  7   4   2   6 |  8   3   5   1 | 
|  1   3   8   5 |  4   7   2   6 | 
+----------------+----------------+

Lesson >> 24
Difficulty score: 10
+----------------+----------------+
| ..  ..  ..   5 | ..   4   8   3 | 
|  3   4   1   8 |  5   7   2   6 | 
+----------------+----------------+
|  8   3   5   4 |  2   6  ..   1 | 
| ..   6   7  .. |  3   5   4   8 | 
+----------------+----------------+
|  4   5   3   1 |  8   2   6   7 | 
| ..   8   2   7 |  4   3   1   5 | 
+----------------+----------------+
|  5   1   4   6 |  7   8   3   2 | 
| ..   7   8   3 |  6   1   5  .. | 
+----------------+----------------+

+----------------+----------------+
|  7   2   6   5 |  1   4   8   3 | 
|  3   4   1   8 |  5   7   2   6 | 
+----------------+----------------+
|  8   3   5   4 |  2   6   7   1 | 
|  1   6   7   2 |  3   5   4   8 | 
+----------------+----------------+
|  4   5   3   1 |  8   2   6   7 | 
|  6   8   2   7 |  4   3   1   5 | 
+----------------+----------------+
|  5   1   4   6 |  7   8   3   2 | 
|  2   7   8   3 |  6   1   5   4 | 
+----------------+----------------+

Lesson >> 25
Difficulty score: 10
+----------------+----------------+
|  2  ..   6   7 |  5   1   3  .. | 
|  1   3   4   5 |  7   8   2   6 | 
+----------------+----------------+
| ..   6   3   4 |  1   7   8   2 | 
|  7  ..   2   8 |  6  ..   4   3 | 
+----------------+----------------+
|  8   7   1  .. |  3   4  ..   5 | 
|  3   4   5   6 |  8   2   7   1 | 
+----------------+----------------+
|  4   5   7   3 |  2   6   1  .. | 
|  6  ..   8   1 |  4   3  ..   7 | 
+----------------+----------------+

+----------------+----------------+
|  2   8   6   7 |  5   1   3   4 | 
|  1   3   4   5 |  7   8   2   6 | 
+----------------+----------------+
|  5   6   3   4 |  1   7   8   2 | 
|  7   1   2   8 |  6   5   4   3 | 
+----------------+----------------+
|  8   7   1   2 |  3   4   6   5 | 
|  3   4   5   6 |  8   2   7   1 | 
+----------------+----------------+
|  4   5   7   3 |  2   6   1   8 | 
|  6   2   8   1 |  4   3   5   7 | 
+----------------+----------------+

Lesson >> 26
Difficulty score: 10
+----------------+----------------+
|  2  ..   7  .. |  1   6   8   3 | 
| ..   1   6   3 |  7   5   2  .. | 
+----------------+----------------+
|  5   6   2  .. |  8   7   3   1 | 
| ..   3  ..   1 |  6   4   5   2 | 
+----------------+----------------+
| ..   5   4   7 |  2   3   6   8 | 
|  6   8   3   2 |  5   1   4   7 | 
+----------------+----------------+
|  3   2  ..   6 |  4   8   7  .. | 
|  4   7   5   8 |  3   2   1   6 | 
+----------------+----------------+

+----------------+----------------+
|  2   4   7   5 |  1   6   8   3 | 
|  8   1   6   3 |  7   5   2   4 | 
+----------------+----------------+
|  5   6   2   4 |  8   7   3   1 | 
|  7   3   8   1 |  6   4   5   2 | 
+----------------+----------------+
|  1   5   4   7 |  2   3   6   8 | 
|  6   8   3   2 |  5   1   4   7 | 
+----------------+----------------+
|  3   2   1   6 |  4   8   7   5 | 
|  4   7   5   8 |  3   2   1   6 | 
+----------------+----------------+

Lesson >> 27
Difficulty score: 10
+----------------+----------------+
|  1  ..   2   3 |  7   4   5   6 | 
|  7   5   4  .. |  1   2   3   8 | 
+----------------+----------------+
|  6   2  ..   1 |  5   7   8   4 | 
|  5   4   7   8 |  3   6  ..   2 | 
+----------------+----------------+
|  8   3   6   2 |  4   5   7   1 | 
|  4   1   5   7 | ..   8   2  .. | 
+----------------+----------------+
|  3   6   8   5 |  2   1   4   7 | 
|  2   7  ..  .. |  8  ..   6  .. | 
+----------------+----------------+

+----------------+----------------+
|  1   8   2   3 |  7   4   5   6 | 
|  7   5   4   6 |  1   2   3   8 | 
+----------------+----------------+
|  6   2   3   1 |  5   7   8   4 | 
|  5   4   7   8 |  3   6   1   2 | 
+----------------+----------------+
|  8   3   6   2 |  4   5   7   1 | 
|  4   1   5   7 |  6   8   2   3 | 
+----------------+----------------+
|  3   6   8   5 |  2   1   4   7 | 
|  2   7   1   4 |  8   3   6   5 | 
+----------------+----------------+

Lesson >> 28
Difficulty score: 10
+----------------+----------------+
|  1   5   3   8 |  7   4   2  .. | 
|  2   4   7   6 |  1   3  ..   8 | 
+----------------+----------------+
| ..  ..   5   3 |  8   6   1   4 | 
|  6   8  ..   4 |  5   2  ..   7 | 
+----------------+----------------+
|  5   3   8   7 |  6   1   4   2 | 
|  4   6   2   1 |  3  ..   8  .. | 
+----------------+----------------+
|  3   7   4   5 |  2   8   6   1 | 
|  8   1  ..   2 |  4  ..   7   3 | 
+----------------+----------------+

+----------------+----------------+
|  1   5   3   8 |  7   4   2   6 | 
|  2   4   7   6 |  1   3   5   8 | 
+----------------+----------------+
|  7   2   5   3 |  8   6   1   4 | 
|  6   8   1   4 |  5   2   3   7 | 
+----------------+----------------+
|  5   3   8   7 |  6   1   4   2 | 
|  4   6   2   1 |  3   7   8   5 | 
+----------------+----------------+
|  3   7   4   5 |  2   8   6   1 | 
|  8   1   6   2 |  4   5   7   3 | 
+----------------+----------------+

Lesson >> 29
Difficulty score: 10
+----------------+----------------+
| ..   8   3   4 |  2   6   5   1 | 
|  5   1  ..   6 |  8   7  ..   4 | 
+----------------+----------------+
|  2   3   5  .. |  4   8   1   6 | 
|  4   6   8   1 | ..   2   7   3 | 
+----------------+----------------+
|  8   5   6   3 |  1   4   2   7 | 
|  1  ..   7   2 |  6   3  ..  .. | 
+----------------+----------------+
| ..  ..   1   8 |  3   5   4   2 | 
|  3   2   4   5 |  7   1   6   8 | 
+----------------+----------------+

+----------------+----------------+
|  7   8   3   4 |  2   6   5   1 | 
|  5   1   2   6 |  8   7   3   4 | 
+----------------+----------------+
|  2   3   5   7 |  4   8   1   6 | 
|  4   6   8   1 |  5   2   7   3 | 
+----------------+----------------+
|  8   5   6   3 |  1   4   2   7 | 
|  1   4   7   2 |  6   3   8   5 | 
+----------------+----------------+
|  6   7   1   8 |  3   5   4   2 | 
|  3   2   4   5 |  7   1   6   8 | 
+----------------+----------------+

Lesson >> 30
Difficulty score: 10
+----------------+----------------+
| ..   5  ..   2 |  7   3   8   6 | 
|  3   8  ..   7 |  1   4   2   5 | 
+----------------+----------------+
|  8   6  ..   1 |  4   2   5  .. | 
|  7   4   2   5 |  8   6   1   3 | 
+----------------+----------------+
|  1  ..   7   8 |  2   5   6   4 | 
|  6   2   5   4 | ..   8   7  .. | 
+----------------+----------------+
|  5   1  ..   3 |  6   7   4   2 | 
|  2  ..   4   6 |  5   1   3   8 | 
+----------------+----------------+

+----------------+----------------+
|  4   5   1   2 |  7   3   8   6 | 
|  3   8   6   7 |  1   4   2   5 | 
+----------------+----------------+
|  8   6   3   1 |  4   2   5   7 | 
|  7   4   2   5 |  8   6   1   3 | 
+----------------+----------------+
|  1   3   7   8 |  2   5   6   4 | 
|  6   2   5   4 |  3   8   7   1 | 
+----------------+----------------+
|  5   1   8   3 |  6   7   4   2 | 
|  2   7   4   6 |  5   1   3   8 | 
+----------------+----------------+

Lesson >> 31
Difficulty score: 10
+----------------+----------------+
|  4  ..   8   1 |  6   2   3   5 | 
|  3   2   6   5 |  1   7  ..   4 | 
+----------------+----------------+
|  2   4   3   6 |  5   1   7   8 | 
|  1   8   5   7 |  3  ..   2   6 | 
+----------------+----------------+
|  7   5  ..   8 | ..   6   1   3 | 
|  6   1  ..   3 | ..   5   4   7 | 
+----------------+----------------+
| ..   6   1   4 |  7   3   5   2 | 
| ..   3   7   2 |  4   8   6  .. | 
+----------------+----------------+

+----------------+----------------+
|  4   7   8   1 |  6   2   3   5 | 
|  3   2   6   5 |  1   7   8   4 | 
+----------------+----------------+
|  2   4   3   6 |  5   1   7   8 | 
|  1   8   5   7 |  3   4   2   6 | 
+----------------+----------------+
|  7   5   4   8 |  2   6   1   3 | 
|  6   1   2   3 |  8   5   4   7 | 
+----------------+----------------+
|  8   6   1   4 |  7   3   5   2 | 
|  5   3   7   2 |  4   8   6   1 | 
+----------------+----------------+

Lesson >> 32
Difficulty score: 10
+----------------+----------------+
|  4   3   7   8 |  2   6   1   5 | 
| ..   2   6   1 |  8   4   7   3 | 
+----------------+----------------+
| ..   6   2   7 |  5  ..   4  .. | 
|  1   5   8   4 |  6   2   3   7 | 
+----------------+----------------+
|  7   8   5   2 |  1  ..   6   4 | 
| ..   1   4   3 | ..   5  ..   2 | 
+----------------+----------------+
| ..   4   1   5 |  3   7   2   6 | 
|  2   7   3   6 | ..   8   5   1 | 
+----------------+----------------+

+----------------+----------------+
|  4   3   7   8 |  2   6   1   5 | 
|  5   2   6   1 |  8   4   7   3 | 
+----------------+----------------+
|  3   6   2   7 |  5   1   4   8 | 
|  1   5   8   4 |  6   2   3   7 | 
+----------------+----------------+
|  7   8   5   2 |  1   3   6   4 | 
|  6   1   4   3 |  7   5   8   2 | 
+----------------+----------------+
|  8   4   1   5 |  3   7   2   6 | 
|  2   7   3   6 |  4   8   5   1 | 
+----------------+----------------+

Lesson >> 33
Difficulty score: 10
+----------------+----------------+
|  4   2  ..   5 |  1   6   8   7 | 
| ..   6   8   1 |  4   3   5   2 | 
+----------------+----------------+
|  5   7   1   3 |  2   4   6  .. | 
|  2   4   6   8 |  3   5   7   1 | 
+----------------+----------------+
| ..  ..   5   4 |  7  ..   2   6 | 
|  6   8   2  .. |  5   1  ..   4 | 
+----------------+----------------+
|  1   3   7  .. |  8   2  ..   5 | 
|  8   5   4   2 |  6   7   1   3 | 
+----------------+----------------+

+----------------+----------------+
|  4   2   3   5 |  1   6   8   7 | 
|  7   6   8   1 |  4   3   5   2 | 
+----------------+----------------+
|  5   7   1   3 |  2   4   6   8 | 
|  2   4   6   8 |  3   5   7   1 | 
+----------------+----------------+
|  3   1   5   4 |  7   8   2   6 | 
|  6   8   2   7 |  5   1   3   4 | 
+----------------+----------------+
|  1   3   7   6 |  8   2   4   5 | 
|  8   5   4   2 |  6   7   1   3 | 
+----------------+----------------+

Lesson >> 34
Difficulty score: 10
+----------------+----------------+
|  3  ..  ..   4 |  8   6  ..   2 | 
|  8   6   2   7 |  4   5   1   3 | 
+----------------+----------------+
|  1   5   6   3 |  7   8  ..   4 | 
|  2   4   7  .. |  3   1   5   6 | 
+----------------+----------------+
|  6   7   4   2 |  5   3  ..   1 | 
|  5   3  ..   1 |  2   4   6  .. | 
+----------------+----------------+
|  4  ..   1  .. |  6   7   3   8 | 
|  7   8   3   6 |  1   2   4   5 | 
+----------------+----------------+

+----------------+----------------+
|  3   1   5   4 |  8   6   7   2 | 
|  8   6   2   7 |  4   5   1   3 | 
+----------------+----------------+
|  1   5   6   3 |  7   8   2   4 | 
|  2   4   7   8 |  3   1   5   6 | 
+----------------+----------------+
|  6   7   4   2 |  5   3   8   1 | 
|  5   3   8   1 |  2   4   6   7 | 
+----------------+----------------+
|  4   2   1   5 |  6   7   3   8 | 
|  7   8   3   6 |  1   2   4   5 | 
+----------------+----------------+

Lesson >> 35
Difficulty score: 10
+----------------+----------------+
|  3   6  ..   5 |  2  ..  ..   1 | 
|  4   7   1   2 |  5   6   8   3 | 
+----------------+----------------+
|  1   3   5   6 |  7   8   2   4 | 
|  7   8  ..   4 | ..   3   5   6 | 
+----------------+----------------+
|  6   5   4   8 | ..   2   1   7 | 
|  2   1   3   7 |  4   5   6   8 | 
+----------------+----------------+
|  5   4  ..  .. |  8   7   3   2 | 
| ..   2  ..   3 |  6   1   4   5 | 
+----------------+----------------+

+----------------+----------------+
|  3   6   8   5 |  2   4   7   1 | 
|  4   7   1   2 |  5   6   8   3 | 
+----------------+----------------+
|  1   3   5   6 |  7   8   2   4 | 
|  7   8   2   4 |  1   3   5   6 | 
+----------------+----------------+
|  6   5   4   8 |  3   2   1   7 | 
|  2   1   3   7 |  4   5   6   8 | 
+----------------+----------------+
|  5   4   6   1 |  8   7   3   2 | 
|  8   2   7   3 |  6   1   4   5 | 
+----------------+----------------+

Lesson >> 36
Difficulty score: 10
+----------------+----------------+
|  7   8   3  .. |  1  ..   5   4 | 
|  6  ..   4   5 |  7   8   2   3 | 
+----------------+----------------+
|  4   5  ..   7 |  8   1   3  .. | 
|  1   2   8   3 |  6   4   7   5 | 
+----------------+----------------+
| ..   4   2   6 |  5   7   1   8 | 
|  8   7   5  .. |  2   3  ..   6 | 
+----------------+----------------+
|  2   6   7   4 |  3   5   8   1 | 
| ..   3   1   8 |  4  ..   6   7 | 
+----------------+----------------+

+----------------+----------------+
|  7   8   3   2 |  1   6   5   4 | 
|  6   1   4   5 |  7   8   2   3 | 
+----------------+----------------+
|  4   5   6   7 |  8   1   3   2 | 
|  1   2   8   3 |  6   4   7   5 | 
+----------------+----------------+
|  3   4   2   6 |  5   7   1   8 | 
|  8   7   5   1 |  2   3   4   6 | 
+----------------+----------------+
|  2   6   7   4 |  3   5   8   1 | 
|  5   3   1   8 |  4   2   6   7 | 
+----------------+----------------+

Lesson >> 37
Difficulty score: 10
+----------------+----------------+
|  1  ..   8   7 | ..   4  ..   6 | 
|  2   3  ..   4 |  7   1  ..   8 | 
+----------------+----------------+
| ..   4   2   1 |  8   3   6   5 | 
|  5   6   3   8 |  1   7  ..   4 | 
+----------------+----------------+
|  4   8   7   5 |  3   6   1   2 | 
|  6   2   1   3 |  5   8   4  .. | 
+----------------+----------------+
|  3  ..   5   6 |  4   2   8   1 | 
|  8   1   4   2 | ..   5   7   3 | 
+----------------+----------------+

+----------------+----------------+
|  1   5   8   7 |  2   4   3   6 | 
|  2   3   6   4 |  7   1   5   8 | 
+----------------+----------------+
|  7   4   2   1 |  8   3   6   5 | 
|  5   6   3   8 |  1   7   2   4 | 
+----------------+----------------+
|  4   8   7   5 |  3   6   1   2 | 
|  6   2   1   3 |  5   8   4   7 | 
+----------------+----------------+
|  3   7   5   6 |  4   2   8   1 | 
|  8   1   4   2 |  6   5   7   3 | 
+----------------+----------------+

Lesson >> 38
Difficulty score: 10
+----------------+----------------+
|  7   6   1   4 |  8   3   5   2 | 
|  3   2   5   8 |  6  ..   7   4 | 
+----------------+----------------+
|  4   8   3  .. | ..   2   6   1 | 
| ..   5  ..   6 |  7  ..   4   3 | 
+----------------+----------------+
|  5  ..   4   2 | ..   7   8  .. | 
|  8   7   6  .. |  2   4   1   5 | 
+----------------+----------------+
|  6   3   7   1 |  4   5   2   8 | 
|  2   4   8   5 |  1   6   3   7 | 
+----------------+----------------+

+----------------+----------------+
|  7   6   1   4 |  8   3   5   2 | 
|  3   2   5   8 |  6   1   7   4 | 
+----------------+----------------+
|  4   8   3   7 |  5   2   6   1 | 
|  1   5   2   6 |  7   8   4   3 | 
+----------------+----------------+
|  5   1   4   2 |  3   7   8   6 | 
|  8   7   6   3 |  2   4   1   5 | 
+----------------+----------------+
|  6   3   7   1 |  4   5   2   8 | 
|  2   4   8   5 |  1   6   3   7 | 
+----------------+----------------+

Lesson >> 39
Difficulty score: 10
+----------------+----------------+
|  7  ..   8  .. |  1   2   5   4 | 
|  5   2  ..   4 | ..   6   3   7 | 
+----------------+----------------+
|  4   7  ..  .. |  5   8   2   6 | 
|  6   8   2   5 |  3   4   7   1 | 
+----------------+----------------+
|  1   6   5   2 |  4   7   8   3 | 
|  3   4   7   8 | ..   1   6   5 | 
+----------------+----------------+
|  8   5   4  .. |  6  ..   1   2 | 
|  2   1   6   3 |  7   5   4  .. | 
+----------------+----------------+

+----------------+----------------+
|  7   3   8   6 |  1   2   5   4 | 
|  5   2   1   4 |  8   6   3   7 | 
+----------------+----------------+
|  4   7   3   1 |  5   8   2   6 | 
|  6   8   2   5 |  3   4   7   1 | 
+----------------+----------------+
|  1   6   5   2 |  4   7   8   3 | 
|  3   4   7   8 |  2   1   6   5 | 
+----------------+----------------+
|  8   5   4   7 |  6   3   1   2 | 
|  2   1   6   3 |  7   5   4   8 | 
+----------------+----------------+

Lesson >> 40
Difficulty score: 10
+----------------+----------------+
|  7   1  ..   8 |  3   6   2   4 | 
|  2   4   6  .. |  1   8   7   5 | 
+----------------+----------------+
|  4  ..   2   1 |  8   5   3   6 | 
| ..   6   8   5 | ..  ..  ..   7 | 
+----------------+----------------+
|  6   2   3   4 |  5   7   8   1 | 
| ..   5   1   7 |  6   3   4   2 | 
+----------------+----------------+
| ..   8   7   2 |  4   1   6   3 | 
|  1   3  ..   6 |  7   2   5   8 | 
+----------------+----------------+

+----------------+----------------+
|  7   1   5   8 |  3   6   2   4 | 
|  2   4   6   3 |  1   8   7   5 | 
+----------------+----------------+
|  4   7   2   1 |  8   5   3   6 | 
|  3   6   8   5 |  2   4   1   7 | 
+----------------+----------------+
|  6   2   3   4 |  5   7   8   1 | 
|  8   5   1   7 |  6   3   4   2 | 
+----------------+----------------+
|  5   8   7   2 |  4   1   6   3 | 
|  1   3   4   6 |  7   2   5   8 | 
+----------------+----------------+

Lesson >> 41
Difficulty score: 10
+----------------+----------------+
|  7   3   1  .. |  6  ..  ..   2 | 
|  8  ..   6   5 |  1   3   4   7 | 
+----------------+----------------+
|  3   8   2   6 |  7   4   1   5 | 
| ..   4   7   1 |  2   6  ..   3 | 
+----------------+----------------+
|  2   1   8   7 |  3  ..   6  .. | 
| ..   5   4   3 |  8   2   7   1 | 
+----------------+----------------+
|  4   7   3   8 | ..   1   2   6 | 
|  1   6   5   2 |  4   7   3   8 | 
+----------------+----------------+

+----------------+----------------+
|  7   3   1   4 |  6   8   5   2 | 
|  8   2   6   5 |  1   3   4   7 | 
+----------------+----------------+
|  3   8   2   6 |  7   4   1   5 | 
|  5   4   7   1 |  2   6   8   3 | 
+----------------+----------------+
|  2   1   8   7 |  3   5   6   4 | 
|  6   5   4   3 |  8   2   7   1 | 
+----------------+----------------+
|  4   7   3   8 |  5   1   2   6 | 
|  1   6   5   2 |  4   7   3   8 | 
+----------------+----------------+

Lesson >> 42
Difficulty score: 10
+----------------+----------------+
|  8   2   5   7 |  1   4   6   3 | 
|  6  ..   3   1 |  7   5   2   8 | 
+----------------+----------------+
|  4   8   1   3 |  2   7   5   6 | 
| ..   5  ..   6 |  8   1   3  .. | 
+----------------+----------------+
|  1   7   6   4 |  5   3  ..   2 | 
|  2  ..   8   5 |  4  ..   1   7 | 
+----------------+----------------+
|  5   6   4   8 | ..  ..   7   1 | 
|  3   1   7   2 | ..   8   4   5 | 
+----------------+----------------+

+----------------+----------------+
|  8   2   5   7 |  1   4   6   3 | 
|  6   4   3   1 |  7   5   2   8 | 
+----------------+----------------+
|  4   8   1   3 |  2   7   5   6 | 
|  7   5   2   6 |  8   1   3   4 | 
+----------------+----------------+
|  1   7   6   4 |  5   3   8   2 | 
|  2   3   8   5 |  4   6   1   7 | 
+----------------+----------------+
|  5   6   4   8 |  3   2   7   1 | 
|  3   1   7   2 |  6   8   4   5 | 
+----------------+----------------+

Lesson >> 43
Difficulty score: 10
+----------------+----------------+
|  1  ..   6   2 | ..   4   5   7 | 
|  7   5   3   4 |  1  ..   8   6 | 
+----------------+----------------+
|  4  ..   7   8 |  6  ..   3  .. | 
|  5   3   1   6 |  4   7   2   8 | 
+----------------+----------------+
|  8   6  ..   7 |  2   5   1   3 | 
|  2   1   5   3 |  7   8   6   4 | 
+----------------+----------------+
|  3   4   2   5 |  8   6   7  .. | 
| ..   7   8   1 |  5  ..   4   2 | 
+----------------+----------------+

+----------------+----------------+
|  1   8   6   2 |  3   4   5   7 | 
|  7   5   3   4 |  1   2   8   6 | 
+----------------+----------------+
|  4   2   7   8 |  6   1   3   5 | 
|  5   3   1   6 |  4   7   2   8 | 
+----------------+----------------+
|  8   6   4   7 |  2   5   1   3 | 
|  2   1   5   3 |  7   8   6   4 | 
+----------------+----------------+
|  3   4   2   5 |  8   6   7   1 | 
|  6   7   8   1 |  5   3   4   2 | 
+----------------+----------------+

Lesson >> 44
Difficulty score: 10
+----------------+----------------+
|  7   2   8   3 | ..   1   6  .. | 
|  5   6   4   1 |  8   3   7   2 | 
+----------------+----------------+
|  6   8   3   4 | ..   7   2   1 | 
|  1   7   5   2 | ..   8   4   3 | 
+----------------+----------------+
|  8   4   1   7 |  2   5   3   6 | 
|  3   5  ..   6 |  7   4   1   8 | 
+----------------+----------------+
|  2   1   7   5 |  3  ..   8  .. | 
|  4   3   6   8 | ..   2  ..  .. | 
+----------------+----------------+

+----------------+----------------+
|  7   2   8   3 |  4   1   6   5 | 
|  5   6   4   1 |  8   3   7   2 | 
+----------------+----------------+
|  6   8   3   4 |  5   7   2   1 | 
|  1   7   5   2 |  6   8   4   3 | 
+----------------+----------------+
|  8   4   1   7 |  2   5   3   6 | 
|  3   5   2   6 |  7   4   1   8 | 
+----------------+----------------+
|  2   1   7   5 |  3   6   8   4 | 
|  4   3   6   8 |  1   2   5   7 | 
+----------------+----------------+

Lesson >> 45
Difficulty score: 10
+----------------+----------------+
|  5   8  ..  .. | ..   7   1   6 | 
|  6   1   7   3 |  8  ..   5   2 | 
+----------------+----------------+
|  7  ..   5   8 |  6   3   2   1 | 
|  2   3   6   1 |  7  ..   4   8 | 
+----------------+----------------+
|  8   7   2   5 |  1  ..   3  .. | 
|  3   6   1  .. |  5   2   8   7 | 
+----------------+----------------+
|  4   5   8   6 |  2   1   7   3 | 
|  1   2   3  .. |  4   8   6   5 | 
+----------------+----------------+

+----------------+----------------+
|  5   8   4   2 |  3   7   1   6 | 
|  6   1   7   3 |  8   4   5   2 | 
+----------------+----------------+
|  7   4   5   8 |  6   3   2   1 | 
|  2   3   6   1 |  7   5   4   8 | 
+----------------+----------------+
|  8   7   2   5 |  1   6   3   4 | 
|  3   6   1   4 |  5   2   8   7 | 
+----------------+----------------+
|  4   5   8   6 |  2   1   7   3 | 
|  1   2   3   7 |  4   8   6   5 | 
+----------------+----------------+

Lesson >> 46
Difficulty score: 10
+----------------+----------------+
|  3   7  ..   4 |  8   1   5   2 | 
|  2   1  ..   5 |  7  ..   4   6 | 
+----------------+----------------+
|  5   8   4  .. |  3  ..   7   1 | 
|  7   3   1   6 | ..   5   8   4 | 
+----------------+----------------+
|  1  ..   7   8 |  4   2  ..   5 | 
| ..   5   2   3 |  1   8   6   7 | 
+----------------+----------------+
|  8  ..   5   1 |  6   7   2   3 | 
|  6   2   3   7 |  5   4   1   8 | 
+----------------+----------------+

+----------------+----------------+
|  3   7   6   4 |  8   1   5   2 | 
|  2   1   8   5 |  7   3   4   6 | 
+----------------+----------------+
|  5   8   4   2 |  3   6   7   1 | 
|  7   3   1   6 |  2   5   8   4 | 
+----------------+----------------+
|  1   6   7   8 |  4   2   3   5 | 
|  4   5   2   3 |  1   8   6   7 | 
+----------------+----------------+
|  8   4   5   1 |  6   7   2   3 | 
|  6   2   3   7 |  5   4   1   8 | 
+----------------+----------------+

Lesson >> 47
Difficulty score: 10
+----------------+----------------+
| ..   1   3   7 |  4   8   5  .. | 
| ..   4   2  .. | ..   6   3   1 | 
+----------------+----------------+
|  3  ..   6  .. |  2   5   1   4 | 
| ..   5   4   1 |  6   3   8  .. | 
+----------------+----------------+
|  1   6   8   2 |  5   4   7   3 | 
|  5   3  ..   4 |  8   1   2   6 | 
+----------------+----------------+
|  4   2   5   3 |  1   7   6   8 | 
|  7   8   1   6 |  3   2   4   5 | 
+----------------+----------------+

+----------------+----------------+
|  6   1   3   7 |  4   8   5   2 | 
|  8   4   2   5 |  7   6   3   1 | 
+----------------+----------------+
|  3   7   6   8 |  2   5   1   4 | 
|  2   5   4   1 |  6   3   8   7 | 
+----------------+----------------+
|  1   6   8   2 |  5   4   7   3 | 
|  5   3   7   4 |  8   1   2   6 | 
+----------------+----------------+
|  4   2   5   3 |  1   7   6   8 | 
|  7   8   1   6 |  3   2   4   5 | 
+----------------+----------------+

Lesson >> 48
Difficulty score: 10
+----------------+----------------+
|  4   6   7   3 |  5   8   1   2 | 
|  2  ..   8   5 |  3   4   7  .. | 
+----------------+----------------+
| ..   8   6   7 |  4   2   5  .. | 
|  5   3   4   2 |  8   7   6   1 | 
+----------------+----------------+
|  8   5  ..   1 |  2   6   4   7 | 
|  7   4   2   6 |  1   3   8   5 | 
+----------------+----------------+
| ..   2   5  .. |  7   1   3  .. | 
|  3   7  ..  .. |  6   5   2   4 | 
+----------------+----------------+

+----------------+----------------+
|  4   6   7   3 |  5   8   1   2 | 
|  2   1   8   5 |  3   4   7   6 | 
+----------------+----------------+
|  1   8   6   7 |  4   2   5   3 | 
|  5   3   4   2 |  8   7   6   1 | 
+----------------+----------------+
|  8   5   3   1 |  2   6   4   7 | 
|  7   4   2   6 |  1   3   8   5 | 
+----------------+----------------+
|  6   2   5   4 |  7   1   3   8 | 
|  3   7   1   8 |  6   5   2   4 | 
+----------------+----------------+

Lesson >> 49
Difficulty score: 10
+----------------+----------------+
|  4   6   5   8 | ..   7   2   1 | 
|  3   7   2   1 |  6   4   8   5 | 
+----------------+----------------+
|  5  ..   4   6 |  2   1   7   8 | 
|  2   8   1   7 |  4   5  ..   3 | 
+----------------+----------------+
|  7   5   6   3 |  8   2   1  .. | 
|  1  ..   8  .. |  7   3   5   6 | 
+----------------+----------------+
| ..  ..   3   2 |  5   8   4   7 | 
|  8   4   7  .. |  1  ..   3   2 | 
+----------------+----------------+

+----------------+----------------+
|  4   6   5   8 |  3   7   2   1 | 
|  3   7   2   1 |  6   4   8   5 | 
+----------------+----------------+
|  5   3   4   6 |  2   1   7   8 | 
|  2   8   1   7 |  4   5   6   3 | 
+----------------+----------------+
|  7   5   6   3 |  8   2   1   4 | 
|  1   2   8   4 |  7   3   5   6 | 
+----------------+----------------+
|  6   1   3   2 |  5   8   4   7 | 
|  8   4   7   5 |  1   6   3   2 | 
+----------------+----------------+

Lesson >> 50
Difficulty score: 10
+----------------+----------------+
|  8   7   1   5 |  4   3   2   6 | 
|  6   3   4  .. |  5   8   7   1 | 
+----------------+----------------+
|  5   6   3   4 |  8   7   1   2 | 
|  2  ..   8   7 |  3  ..   4   5 | 
+----------------+----------------+
|  4   8  ..   1 |  7   2   5   3 | 
|  7  ..   2  .. |  1   4   6   8 | 
+----------------+----------------+
|  3   4  ..   6 | ..   1   8  .. | 
| ..   2   7   8 |  6   5   3   4 | 
+----------------+----------------+

+----------------+----------------+
|  8   7   1   5 |  4   3   2   6 | 
|  6   3   4   2 |  5   8   7   1 | 
+----------------+----------------+
|  5   6   3   4 |  8   7   1   2 | 
|  2   1   8   7 |  3   6   4   5 | 
+----------------+----------------+
|  4   8   6   1 |  7   2   5   3 | 
|  7   5   2   3 |  1   4   6   8 | 
+----------------+----------------+
|  3   4   5   6 |  2   1   8   7 | 
|  1   2   7   8 |  6   5   3   4 | 
+----------------+----------------+

Lesson >> 51
Difficulty score: 10
+----------------+----------------+
|  8  ..   1   4 |  5   7   3   6 | 
|  7   3   6   5 |  1   8   4  .. | 
+----------------+----------------+
|  2   7   8   6 |  3  ..   5   4 | 
|  1  ..   5   3 |  7   2   6  .. | 
+----------------+----------------+
|  6   5  ..   7 |  8   3   2   1 | 
| ..   1   2   8 |  6   4   7   5 | 
+----------------+----------------+
|  4   6   7   1 | ..   5  ..   3 | 
| ..   8   3   2 |  4   6   1   7 | 
+----------------+----------------+

+----------------+----------------+
|  8   2   1   4 |  5   7   3   6 | 
|  7   3   6   5 |  1   8   4   2 | 
+----------------+----------------+
|  2   7   8   6 |  3   1   5   4 | 
|  1   4   5   3 |  7   2   6   8 | 
+----------------+----------------+
|  6   5   4   7 |  8   3   2   1 | 
|  3   1   2   8 |  6   4   7   5 | 
+----------------+----------------+
|  4   6   7   1 |  2   5   8   3 | 
|  5   8   3   2 |  4   6   1   7 | 
+----------------+----------------+

Lesson >> 52
Difficulty score: 10
+----------------+----------------+
|  4   3  ..   1 |  5   2   7  .. | 
|  6   2   5  .. | ..   3   8   4 | 
+----------------+----------------+
|  8   5   3   6 |  7   1   4   2 | 
|  1   4   7   2 | ..   5   6   3 | 
+----------------+----------------+
|  7   1   4  .. |  2  ..   5   8 | 
|  5   6   2   8 |  3   4  ..   7 | 
+----------------+----------------+
| ..   8   6   5 |  4   7   2   1 | 
|  2  ..   1   4 |  6   8   3   5 | 
+----------------+----------------+

+----------------+----------------+
|  4   3   8   1 |  5   2   7   6 | 
|  6   2   5   7 |  1   3   8   4 | 
+----------------+----------------+
|  8   5   3   6 |  7   1   4   2 | 
|  1   4   7   2 |  8   5   6   3 | 
+----------------+----------------+
|  7   1   4   3 |  2   6   5   8 | 
|  5   6   2   8 |  3   4   1   7 | 
+----------------+----------------+
|  3   8   6   5 |  4   7   2   1 | 
|  2   7   1   4 |  6   8   3   5 | 
+----------------+----------------+

Lesson >> 53
Difficulty score: 10
+----------------+----------------+
|  1   4   6   2 | ..   7   8   5 | 
|  5   7   3   8 |  2  ..   4   1 | 
+----------------+----------------+
| ..   3   2   7 |  1   8   5  .. | 
|  4   8   5  .. |  6   2   3   7 | 
+----------------+----------------+
|  2   6   1   4 |  5  ..   7   8 | 
|  8   5   7   3 |  4   1   6   2 | 
+----------------+----------------+
|  3  ..   8   5 |  7  ..   2   6 | 
|  7   2   4   6 |  8  ..  ..   3 | 
+----------------+----------------+

+----------------+----------------+
|  1   4   6   2 |  3   7   8   5 | 
|  5   7   3   8 |  2   6   4   1 | 
+----------------+----------------+
|  6   3   2   7 |  1   8   5   4 | 
|  4   8   5   1 |  6   2   3   7 | 
+----------------+----------------+
|  2   6   1   4 |  5   3   7   8 | 
|  8   5   7   3 |  4   1   6   2 | 
+----------------+----------------+
|  3   1   8   5 |  7   4   2   6 | 
|  7   2   4   6 |  8   5   1   3 | 
+----------------+----------------+

Lesson >> 54
Difficulty score: 10
+----------------+----------------+
|  6   3   2  .. | ..  ..   5   1 | 
|  1   7   5   4 |  6   8   3   2 | 
+----------------+----------------+
|  7   2   1   6 | ..   3   8   4 | 
|  3   4   8   5 |  2   6   1   7 | 
+----------------+----------------+
|  8   6   4   7 | ..  ..   2   3 | 
| ..   5   3   1 |  4  ..   6  .. | 
+----------------+----------------+
| ..   8   6   2 |  3   1   7   5 | 
|  5   1   7   3 |  8   2   4   6 | 
+----------------+----------------+

+----------------+----------------+
|  6   3   2   8 |  7   4   5   1 | 
|  1   7   5   4 |  6   8   3   2 | 
+----------------+----------------+
|  7   2   1   6 |  5   3   8   4 | 
|  3   4   8   5 |  2   6   1   7 | 
+----------------+----------------+
|  8   6   4   7 |  1   5   2   3 | 
|  2   5   3   1 |  4   7   6   8 | 
+----------------+----------------+
|  4   8   6   2 |  3   1   7   5 | 
|  5   1   7   3 |  8   2   4   6 | 
+----------------+----------------+

Lesson >> 55
Difficulty score: 10
+----------------+----------------+
|  7   8   3   1 |  2   4   5   6 | 
|  5   6  ..   2 |  1   3   7   8 | 
+----------------+----------------+
|  6   4  ..   5 | ..   8   3   1 | 
|  8  ..   1   7 |  5   6   2  .. | 
+----------------+----------------+
|  2   5   6  .. |  8   1   4   7 | 
|  1   7   8   4 |  3   5  ..   2 | 
+----------------+----------------+
|  3   1   7   6 | ..   2  ..   5 | 
|  4   2   5  .. |  6   7   1   3 | 
+----------------+----------------+

+----------------+----------------+
|  7   8   3   1 |  2   4   5   6 | 
|  5   6   4   2 |  1   3   7   8 | 
+----------------+----------------+
|  6   4   2   5 |  7   8   3   1 | 
|  8   3   1   7 |  5   6   2   4 | 
+----------------+----------------+
|  2   5   6   3 |  8   1   4   7 | 
|  1   7   8   4 |  3   5   6   2 | 
+----------------+----------------+
|  3   1   7   6 |  4   2   8   5 | 
|  4   2   5   8 |  6   7   1   3 | 
+----------------+----------------+

Lesson >> 56
Difficulty score: 10
+----------------+----------------+
|  4   2   5   7 |  6   8   3   1 | 
|  1   6   8   3 |  5   7   2   4 | 
+----------------+----------------+
|  8   7   1   5 |  4   3   6   2 | 
| ..   4   2  .. |  8  ..   1   7 | 
+----------------+----------------+
|  7  ..   6  .. | ..   2   5   8 | 
|  5   8   3   2 |  7   1   4   6 | 
+----------------+----------------+
|  6   3   7   1 |  2  ..  ..   5 | 
|  2   5   4  .. |  1  ..   7   3 | 
+----------------+----------------+

+----------------+----------------+
|  4   2   5   7 |  6   8   3   1 | 
|  1   6   8   3 |  5   7   2   4 | 
+----------------+----------------+
|  8   7   1   5 |  4   3   6   2 | 
|  3   4   2   6 |  8   5   1   7 | 
+----------------+----------------+
|  7   1   6   4 |  3   2   5   8 | 
|  5   8   3   2 |  7   1   4   6 | 
+----------------+----------------+
|  6   3   7   1 |  2   4   8   5 | 
|  2   5   4   8 |  1   6   7   3 | 
+----------------+----------------+

Lesson >> 57
Difficulty score: 10
+----------------+----------------+
|  6   1   4   8 |  3   2  ..   7 | 
|  5   2   7   3 |  4   8   1   6 | 
+----------------+----------------+
| ..   3   1   4 | ..   6  ..  .. | 
|  2  ..   5   6 |  1   4   7   3 | 
+----------------+----------------+
|  3   4   6   1 |  5   7   8   2 | 
| ..   5   2   7 |  6   3   4   1 | 
+----------------+----------------+
|  4   7   3   5 | ..   1  ..  .. | 
|  1   6   8   2 |  7   5   3   4 | 
+----------------+----------------+

+----------------+----------------+
|  6   1   4   8 |  3   2   5   7 | 
|  5   2   7   3 |  4   8   1   6 | 
+----------------+----------------+
|  7   3   1   4 |  8   6   2   5 | 
|  2   8   5   6 |  1   4   7   3 | 
+----------------+----------------+
|  3   4   6   1 |  5   7   8   2 | 
|  8   5   2   7 |  6   3   4   1 | 
+----------------+----------------+
|  4   7   3   5 |  2   1   6   8 | 
|  1   6   8   2 |  7   5   3   4 | 
+----------------+----------------+

Lesson >> 58
Difficulty score: 10
+----------------+----------------+
|  7   8   4   6 |  3   2   1   5 | 
|  2   3   1   5 |  8  ..   4   6 | 
+----------------+----------------+
|  1   7   8   3 |  6  ..   5   2 | 
|  5   2   6   4 |  1   8   3   7 | 
+----------------+----------------+
|  4  ..   3   2 | ..   6   7   8 | 
| ..   5   7  .. |  4   1  ..   3 | 
+----------------+----------------+
|  8   4  ..   7 |  2   3   6  .. | 
| ..   6   2   1 |  7   5   8   4 | 
+----------------+----------------+

+----------------+----------------+
|  7   8   4   6 |  3   2   1   5 | 
|  2   3   1   5 |  8   7   4   6 | 
+----------------+----------------+
|  1   7   8   3 |  6   4   5   2 | 
|  5   2   6   4 |  1   8   3   7 | 
+----------------+----------------+
|  4   1   3   2 |  5   6   7   8 | 
|  6   5   7   8 |  4   1   2   3 | 
+----------------+----------------+
|  8   4   5   7 |  2   3   6   1 | 
|  3   6   2   1 |  7   5   8   4 | 
+----------------+----------------+

Lesson >> 59
Difficulty score: 10
+----------------+----------------+
|  6   7   8   1 |  5  ..   3   4 | 
| ..   4   5   3 |  8   1   7   6 | 
+----------------+----------------+
|  5   2   3   4 |  6   8   1   7 | 
|  1   8   6  .. |  2   3  ..   5 | 
+----------------+----------------+
|  8   5   1  .. |  4   7   2   3 | 
|  7  ..   4   2 |  1  ..   5   8 | 
+----------------+----------------+
|  4   1   7   8 |  3   5  ..   2 | 
|  3   6   2  .. |  7   4   8  .. | 
+----------------+----------------+

+----------------+----------------+
|  6   7   8   1 |  5   2   3   4 | 
|  2   4   5   3 |  8   1   7   6 | 
+----------------+----------------+
|  5   2   3   4 |  6   8   1   7 | 
|  1   8   6   7 |  2   3   4   5 | 
+----------------+----------------+
|  8   5   1   6 |  4   7   2   3 | 
|  7   3   4   2 |  1   6   5   8 | 
+----------------+----------------+
|  4   1   7   8 |  3   5   6   2 | 
|  3   6   2   5 |  7   4   8   1 | 
+----------------+----------------+

Lesson >> 60
Difficulty score: 10
+----------------+----------------+
|  3   5   8   1 |  2   4   6   7 | 
|  7  ..   2   4 | ..  ..   5  .. | 
+----------------+----------------+
|  5   8   1   3 |  4   2   7   6 | 
| ..   2   7   6 |  8  ..   3   5 | 
+----------------+----------------+
|  8   4  ..  .. |  6   7   1  .. | 
|  2   1   6   7 |  5   3   4  .. | 
+----------------+----------------+
|  1   3   5   2 |  7   6   8   4 | 
|  6   7   4   8 |  1   5   2   3 | 
+----------------+----------------+

+----------------+----------------+
|  3   5   8   1 |  2   4   6   7 | 
|  7   6   2   4 |  3   8   5   1 | 
+----------------+----------------+
|  5   8   1   3 |  4   2   7   6 | 
|  4   2   7   6 |  8   1   3   5 | 
+----------------+----------------+
|  8   4   3   5 |  6   7   1   2 | 
|  2   1   6   7 |  5   3   4   8 | 
+----------------+----------------+
|  1   3   5   2 |  7   6   8   4 | 
|  6   7   4   8 |  1   5   2   3 | 
+----------------+----------------+

Lesson >> 61
Difficulty score: 10
+----------------+----------------+
| ..   4   8   5 |  2   7   3   1 | 
|  3   1   2   7 |  4   8  ..   6 | 
+----------------+----------------+
|  5   3   1   8 |  6  ..   7   4 | 
|  7   6   4   2 |  5   1  ..   3 | 
+----------------+----------------+
|  8   5   6   1 |  7   3   4   2 | 
|  2   7   3  .. |  8  ..   1   5 | 
+----------------+----------------+
|  4  ..  ..   3 |  1   5   6  .. | 
|  1   8   5   6 | ..   4   2   7 | 
+----------------+----------------+

+----------------+----------------+
|  6   4   8   5 |  2   7   3   1 | 
|  3   1   2   7 |  4   8   5   6 | 
+----------------+----------------+
|  5   3   1   8 |  6   2   7   4 | 
|  7   6   4   2 |  5   1   8   3 | 
+----------------+----------------+
|  8   5   6   1 |  7   3   4   2 | 
|  2   7   3   4 |  8   6   1   5 | 
+----------------+----------------+
|  4   2   7   3 |  1   5   6   8 | 
|  1   8   5   6 |  3   4   2   7 | 
+----------------+----------------+

Lesson >> 62
Difficulty score: 10
+----------------+----------------+
| ..   6   1   4 |  3   8   7  .. | 
| ..   8   2   7 |  4   6  ..  .. | 
+----------------+----------------+
|  7   5  ..   2 |  6  ..   4  .. | 
|  1   4   3   6 |  7   5   2   8 | 
+----------------+----------------+
|  2   7   5   8 |  1   4   6   3 | 
|  6  ..   4   1 |  5   2   8   7 | 
+----------------+----------------+
|  4   2   7   3 |  8   1   5   6 | 
|  8  ..   6   5 |  2   7   3   4 | 
+----------------+----------------+

+----------------+----------------+
|  5   6   1   4 |  3   8   7   2 | 
|  3   8   2   7 |  4   6   1   5 | 
+----------------+----------------+
|  7   5   8   2 |  6   3   4   1 | 
|  1   4   3   6 |  7   5   2   8 | 
+----------------+----------------+
|  2   7   5   8 |  1   4   6   3 | 
|  6   3   4   1 |  5   2   8   7 | 
+----------------+----------------+
|  4   2   7   3 |  8   1   5   6 | 
|  8   1   6   5 |  2   7   3   4 | 
+----------------+----------------+

Lesson >> 63
Difficulty score: 10
+----------------+----------------+
|  5  ..   7   4 |  1  ..   6   8 | 
|  3   6  ..   8 |  7   2   5   4 | 
+----------------+----------------+
|  4  ..  ..   1 |  3  ..   7   2 | 
| ..   3   2   6 |  5   8   4   1 | 
+----------------+----------------+
|  2   8   3   7 |  6   4   1   5 | 
|  1   4   6   5 |  2   7  ..   3 | 
+----------------+----------------+
|  8   7   5   3 |  4  ..   2   6 | 
|  6   1   4  .. |  8   5   3   7 | 
+----------------+----------------+

+----------------+----------------+
|  5   2   7   4 |  1   3   6   8 | 
|  3   6   1   8 |  7   2   5   4 | 
+----------------+----------------+
|  4   5   8   1 |  3   6   7   2 | 
|  7   3   2   6 |  5   8   4   1 | 
+----------------+----------------+
|  2   8   3   7 |  6   4   1   5 | 
|  1   4   6   5 |  2   7   8   3 | 
+----------------+----------------+
|  8   7   5   3 |  4   1   2   6 | 
|  6   1   4   2 |  8   5   3   7 | 
+----------------+----------------+

Lesson >> 64
Difficulty score: 10
+----------------+----------------+
|  6   5   8   2 |  3   7   1   4 | 
|  3   4  ..   1 |  5   6  ..   8 | 
+----------------+----------------+
|  1   7   6   5 |  2   4   8  .. | 
|  4  ..   2   3 |  1   5  ..   7 | 
+----------------+----------------+
|  5   6  ..   8 |  7   2   4   1 | 
| ..   2   1   4 |  6   8   3  .. | 
+----------------+----------------+
|  2   1   4   7 | ..   3   5  .. | 
|  8   3   5   6 |  4   1   7   2 | 
+----------------+----------------+

+----------------+----------------+
|  6   5   8   2 |  3   7   1   4 | 
|  3   4   7   1 |  5   6   2   8 | 
+----------------+----------------+
|  1   7   6   5 |  2   4   8   3 | 
|  4   8   2   3 |  1   5   6   7 | 
+----------------+----------------+
|  5   6   3   8 |  7   2   4   1 | 
|  7   2   1   4 |  6   8   3   5 | 
+----------------+----------------+
|  2   1   4   7 |  8   3   5   6 | 
|  8   3   5   6 |  4   1   7   2 | 
+----------------+----------------+

Lesson >> 65
Difficulty score: 10
+----------------+----------------+
|  7   1   4   6 |  3  ..   5   8 | 
|  8   3  ..   2 |  6   1   7   4 | 
+----------------+----------------+
|  4   8   1  .. |  5   6   2   3 | 
|  3   2   6  .. | ..   7  ..   1 | 
+----------------+----------------+
|  2   6   8   4 |  1   5   3  .. | 
|  5   7   3   1 |  2   4   8   6 | 
+----------------+----------------+
|  6   5  ..   8 | ..   3   1   2 | 
|  1  ..   2   3 |  7   8   6   5 | 
+----------------+----------------+

+----------------+----------------+
|  7   1   4   6 |  3   2   5   8 | 
|  8   3   5   2 |  6   1   7   4 | 
+----------------+----------------+
|  4   8   1   7 |  5   6   2   3 | 
|  3   2   6   5 |  8   7   4   1 | 
+----------------+----------------+
|  2   6   8   4 |  1   5   3   7 | 
|  5   7   3   1 |  2   4   8   6 | 
+----------------+----------------+
|  6   5   7   8 |  4   3   1   2 | 
|  1   4   2   3 |  7   8   6   5 | 
+----------------+----------------+

Lesson >> 66
Difficulty score: 10
+----------------+----------------+
|  1   2   4   7 |  3   6  ..   8 | 
|  8   6   5   3 |  7   4   2   1 | 
+----------------+----------------+
| ..   4   7   2 |  8   1   6   5 | 
| ..  ..   1   8 | ..   3   7  .. | 
+----------------+----------------+
|  5   3   8   6 |  1   2  ..   7 | 
|  7  ..   2   4 |  5   8   3   6 | 
+----------------+----------------+
|  2   7   3   1 |  6   5  ..   4 | 
|  4  ..   6   5 |  2   7   1   3 | 
+----------------+----------------+

+----------------+----------------+
|  1   2   4   7 |  3   6   5   8 | 
|  8   6   5   3 |  7   4   2   1 | 
+----------------+----------------+
|  3   4   7   2 |  8   1   6   5 | 
|  6   5   1   8 |  4   3   7   2 | 
+----------------+----------------+
|  5   3   8   6 |  1   2   4   7 | 
|  7   1   2   4 |  5   8   3   6 | 
+----------------+----------------+
|  2   7   3   1 |  6   5   8   4 | 
|  4   8   6   5 |  2   7   1   3 | 
+----------------+----------------+

Lesson >> 67
Difficulty score: 10
+----------------+----------------+
|  8  ..   3   1 |  6   2  ..   5 | 
|  2   7   6   5 |  1  ..   4   3 | 
+----------------+----------------+
|  4   6   5   8 | ..   1   3  .. | 
|  3   2   1   7 |  5  ..   8   6 | 
+----------------+----------------+
|  5   3   2   6 | ..   7   1   4 | 
|  1   8   7   4 |  3   5   6   2 | 
+----------------+----------------+
| ..   1  ..   2 |  7   3   5   8 | 
|  7   5   8   3 |  4   6  ..   1 | 
+----------------+----------------+

+----------------+----------------+
|  8   4   3   1 |  6   2   7   5 | 
|  2   7   6   5 |  1   8   4   3 | 
+----------------+----------------+
|  4   6   5   8 |  2   1   3   7 | 
|  3   2   1   7 |  5   4   8   6 | 
+----------------+----------------+
|  5   3   2   6 |  8   7   1   4 | 
|  1   8   7   4 |  3   5   6   2 | 
+----------------+----------------+
|  6   1   4   2 |  7   3   5   8 | 
|  7   5   8   3 |  4   6   2   1 | 
+----------------+----------------+

Lesson >> 68
Difficulty score: 10
+----------------+----------------+
| ..   4   6   2 |  1   3   7  .. | 
|  8   3   7   1 |  4   2   5   6 | 
+----------------+----------------+
|  3   8   5   7 |  2   1   6   4 | 
|  2   6   1   4 |  8  ..  ..   7 | 
+----------------+----------------+
|  1   2   4   6 | ..   7  ..   3 | 
|  7   5   8  .. |  6   4  ..   1 | 
+----------------+----------------+
|  4   7   2   8 |  3   6   1   5 | 
|  6  ..  ..   5 |  7   8   4   2 | 
+----------------+----------------+

+----------------+----------------+
|  5   4   6   2 |  1   3   7   8 | 
|  8   3   7   1 |  4   2   5   6 | 
+----------------+----------------+
|  3   8   5   7 |  2   1   6   4 | 
|  2   6   1   4 |  8   5   3   7 | 
+----------------+----------------+
|  1   2   4   6 |  5   7   8   3 | 
|  7   5   8   3 |  6   4   2   1 | 
+----------------+----------------+
|  4   7   2   8 |  3   6   1   5 | 
|  6   1   3   5 |  7   8   4   2 | 
+----------------+----------------+

Lesson >> 69
Difficulty score: 10
+----------------+----------------+
|  3   2  ..   6 |  4   5   7   1 | 
|  4  ..   1   7 |  8   6   3  .. | 
+----------------+----------------+
|  8   3   5  .. |  7   4   2   6 | 
|  7   6   2   4 |  1   3   5   8 | 
+----------------+----------------+
| ..   4   7   2 |  3   8   6   5 | 
|  6   8   3   5 |  2   1   4   7 | 
+----------------+----------------+
|  2  ..   6  .. |  5   7   8  .. | 
| ..   7   4   8 |  6  ..   1   3 | 
+----------------+----------------+

+----------------+----------------+
|  3   2   8   6 |  4   5   7   1 | 
|  4   5   1   7 |  8   6   3   2 | 
+----------------+----------------+
|  8   3   5   1 |  7   4   2   6 | 
|  7   6   2   4 |  1   3   5   8 | 
+----------------+----------------+
|  1   4   7   2 |  3   8   6   5 | 
|  6   8   3   5 |  2   1   4   7 | 
+----------------+----------------+
|  2   1   6   3 |  5   7   8   4 | 
|  5   7   4   8 |  6   2   1   3 | 
+----------------+----------------+

Lesson >> 70
Difficulty score: 10
+----------------+----------------+
|  6   8   2   5 |  3  ..  ..  .. | 
|  7   3   1   4 | ..  ..   6   8 | 
+----------------+----------------+
|  4   7   3   8 |  1  ..   2   6 | 
|  2   5   6   1 |  4   3   8   7 | 
+----------------+----------------+
|  8   1  ..   7 |  2   6   3  .. | 
|  3   6   5   2 |  7   8   4   1 | 
+----------------+----------------+
|  1   2   7   6 |  8   4   5   3 | 
|  5  ..   8  .. |  6   7   1   2 | 
+----------------+----------------+

+----------------+----------------+
|  6   8   2   5 |  3   1   7   4 | 
|  7   3   1   4 |  5   2   6   8 | 
+----------------+----------------+
|  4   7   3   8 |  1   5   2   6 | 
|  2   5   6   1 |  4   3   8   7 | 
+----------------+----------------+
|  8   1   4   7 |  2   6   3   5 | 
|  3   6   5   2 |  7   8   4   1 | 
+----------------+----------------+
|  1   2   7   6 |  8   4   5   3 | 
|  5   4   8   3 |  6   7   1   2 | 
+----------------+----------------+

Lesson >> 71
Difficulty score: 10
+----------------+----------------+
|  2  ..  ..   3 |  4  ..   5   8 | 
|  7   5  ..  .. |  2   3   1   6 | 
+----------------+----------------+
|  1   8   3   2 | ..   4  ..   7 | 
|  4   7   5   6 |  8   1   2   3 | 
+----------------+----------------+
|  6   2   7   5 |  3   8   4   1 | 
|  3   1   4   8 | ..   2   7   5 | 
+----------------+----------------+
| ..   3  ..   7 |  1   6   8   4 | 
|  8   4   6   1 |  7   5   3   2 | 
+----------------+----------------+

+----------------+----------------+
|  2   6   1   3 |  4   7   5   8 | 
|  7   5   8   4 |  2   3   1   6 | 
+----------------+----------------+
|  1   8   3   2 |  5   4   6   7 | 
|  4   7   5   6 |  8   1   2   3 | 
+----------------+----------------+
|  6   2   7   5 |  3   8   4   1 | 
|  3   1   4   8 |  6   2   7   5 | 
+----------------+----------------+
|  5   3   2   7 |  1   6   8   4 | 
|  8   4   6   1 |  7   5   3   2 | 
+----------------+----------------+

Lesson >> 72
Difficulty score: 10
+----------------+----------------+
|  7   1   3   5 |  8   6  ..  .. | 
|  2   6  ..  .. |  1   3   5   7 | 
+----------------+----------------+
| ..   5   7   2 |  6   4   8   1 | 
|  4   8   6   1 |  2   7   3   5 | 
+----------------+----------------+
|  8   7   1   6 |  5   2  ..   3 | 
|  5   2   4   3 |  7   1  ..  .. | 
+----------------+----------------+
|  1   3   2   8 |  4   5   7   6 | 
|  6   4  ..   7 | ..   8   1   2 | 
+----------------+----------------+

+----------------+----------------+
|  7   1   3   5 |  8   6   2   4 | 
|  2   6   8   4 |  1   3   5   7 | 
+----------------+----------------+
|  3   5   7   2 |  6   4   8   1 | 
|  4   8   6   1 |  2   7   3   5 | 
+----------------+----------------+
|  8   7   1   6 |  5   2   4   3 | 
|  5   2   4   3 |  7   1   6   8 | 
+----------------+----------------+
|  1   3   2   8 |  4   5   7   6 | 
|  6   4   5   7 |  3   8   1   2 | 
+----------------+----------------+

Lesson >> 73
Difficulty score: 10
+----------------+----------------+
|  3   7   1   5 |  6   4   8   2 | 
|  6   8   4   2 | ..   3   7   5 | 
+----------------+----------------+
|  5   1   8   4 |  7   6   2   3 | 
|  7   3   2   6 |  5  ..  ..   8 | 
+----------------+----------------+
|  2   4  ..   3 |  8   5   6  .. | 
|  1   6   5   8 |  4   2  ..  .. | 
+----------------+----------------+
|  4   5   3   7 | ..  ..   1  .. | 
|  8   2   6   1 |  3   7   5   4 | 
+----------------+----------------+

+----------------+----------------+
|  3   7   1   5 |  6   4   8   2 | 
|  6   8   4   2 |  1   3   7   5 | 
+----------------+----------------+
|  5   1   8   4 |  7   6   2   3 | 
|  7   3   2   6 |  5   1   4   8 | 
+----------------+----------------+
|  2   4   7   3 |  8   5   6   1 | 
|  1   6   5   8 |  4   2   3   7 | 
+----------------+----------------+
|  4   5   3   7 |  2   8   1   6 | 
|  8   2   6   1 |  3   7   5   4 | 
+----------------+----------------+

Lesson >> 74
Difficulty score: 10
+----------------+----------------+
|  1   3   6   5 |  7   4   2   8 | 
|  8   4   2   7 |  3   5   1   6 | 
+----------------+----------------+
| ..   1   5   6 |  8   2   4   3 | 
|  2   8  ..   3 |  5   6   7   1 | 
+----------------+----------------+
| ..   7   8  .. |  4  ..   6   2 | 
|  6   2   3   4 | ..   8  ..  .. | 
+----------------+----------------+
|  4   6   1   8 |  2   7   3   5 | 
| ..   5  ..   2 |  6   1   8   4 | 
+----------------+----------------+

+----------------+----------------+
|  1   3   6   5 |  7   4   2   8 | 
|  8   4   2   7 |  3   5   1   6 | 
+----------------+----------------+
|  7   1   5   6 |  8   2   4   3 | 
|  2   8   4   3 |  5   6   7   1 | 
+----------------+----------------+
|  5   7   8   1 |  4   3   6   2 | 
|  6   2   3   4 |  1   8   5   7 | 
+----------------+----------------+
|  4   6   1   8 |  2   7   3   5 | 
|  3   5   7   2 |  6   1   8   4 | 
+----------------+----------------+

Lesson >> 75
Difficulty score: 10
+----------------+----------------+
|  6   4   2   7 |  5   8   3   1 | 
| ..   5   8   3 |  7   6   4  .. | 
+----------------+----------------+
|  3   8   4   1 | ..  ..   7  .. | 
|  7   2   6   5 |  4   3   1   8 | 
+----------------+----------------+
| ..   1   5   8 |  2   7   6   3 | 
|  2   3   7   6 | ..   5   8  .. | 
+----------------+----------------+
|  8   6   1   2 |  3   4  ..   7 | 
| ..   7   3   4 |  8   1   2   6 | 
+----------------+----------------+

+----------------+----------------+
|  6   4   2   7 |  5   8   3   1 | 
|  1   5   8   3 |  7   6   4   2 | 
+----------------+----------------+
|  3   8   4   1 |  6   2   7   5 | 
|  7   2   6   5 |  4   3   1   8 | 
+----------------+----------------+
|  4   1   5   8 |  2   7   6   3 | 
|  2   3   7   6 |  1   5   8   4 | 
+----------------+----------------+
|  8   6   1   2 |  3   4   5   7 | 
|  5   7   3   4 |  8   1   2   6 | 
+----------------+----------------+

Lesson >> 76
Difficulty score: 10
+----------------+----------------+
|  6   2   7   8 |  3   4  ..   5 | 
|  3   4   5   1 |  2  ..   7   8 | 
+----------------+----------------+
|  2   7   6   5 |  1   3   8   4 | 
| ..  ..  ..   4 |  5   7  ..   6 | 
+----------------+----------------+
|  7   5  ..   2 |  6   1   4   3 | 
|  4   3   1   6 |  7   8   5   2 | 
+----------------+----------------+
|  8   6   2   7 |  4   5   3  .. | 
| ..   1   4   3 |  8   2  ..   7 | 
+----------------+----------------+

+----------------+----------------+
|  6   2   7   8 |  3   4   1   5 | 
|  3   4   5   1 |  2   6   7   8 | 
+----------------+----------------+
|  2   7   6   5 |  1   3   8   4 | 
|  1   8   3   4 |  5   7   2   6 | 
+----------------+----------------+
|  7   5   8   2 |  6   1   4   3 | 
|  4   3   1   6 |  7   8   5   2 | 
+----------------+----------------+
|  8   6   2   7 |  4   5   3   1 | 
|  5   1   4   3 |  8   2   6   7 | 
+----------------+----------------+

Lesson >> 77
Difficulty score: 10
+----------------+----------------+
|  6   4  ..  .. |  7   8   1   2 | 
|  8   7   2   1 |  5   6   4   3 | 
+----------------+----------------+
| ..  ..   1   8 |  2   7   6   4 | 
|  4   2   6   7 |  3   5   8   1 | 
+----------------+----------------+
|  2   8   4   3 |  6   1   5   7 | 
|  7  ..   5   6 |  4   3  ..   8 | 
+----------------+----------------+
|  3   5   8  .. |  1   2  ..   6 | 
|  1   6   7   2 |  8   4  ..  .. | 
+----------------+----------------+

+----------------+----------------+
|  6   4   3   5 |  7   8   1   2 | 
|  8   7   2   1 |  5   6   4   3 | 
+----------------+----------------+
|  5   3   1   8 |  2   7   6   4 | 
|  4   2   6   7 |  3   5   8   1 | 
+----------------+----------------+
|  2   8   4   3 |  6   1   5   7 | 
|  7   1   5   6 |  4   3   2   8 | 
+----------------+----------------+
|  3   5   8   4 |  1   2   7   6 | 
|  1   6   7   2 |  8   4   3   5 | 
+----------------+----------------+

Lesson >> 78
Difficulty score: 10
+----------------+----------------+
|  7   1   3   2 |  4   5   6   8 | 
|  5  ..   8   6 |  2  ..   3   1 | 
+----------------+----------------+
|  2  ..   6   8 |  5   4   1  .. | 
|  1   5   4   3 | ..   2   7   6 | 
+----------------+----------------+
| ..   6   7   5 |  1   8   2   4 | 
|  8   2   1  .. |  3   6   5   7 | 
+----------------+----------------+
|  4   3  ..   7 |  6   1   8   2 | 
|  6   8   2   1 | ..  ..   4   5 | 
+----------------+----------------+

+----------------+----------------+
|  7   1   3   2 |  4   5   6   8 | 
|  5   4   8   6 |  2   7   3   1 | 
+----------------+----------------+
|  2   7   6   8 |  5   4   1   3 | 
|  1   5   4   3 |  8   2   7   6 | 
+----------------+----------------+
|  3   6   7   5 |  1   8   2   4 | 
|  8   2   1   4 |  3   6   5   7 | 
+----------------+----------------+
|  4   3   5   7 |  6   1   8   2 | 
|  6   8   2   1 |  7   3   4   5 | 
+----------------+----------------+

Lesson >> 79
Difficulty score: 10
+----------------+----------------+
|  5   2   3   7 |  1   4   6   8 | 
|  6   8   4   1 |  2   5   3   7 | 
+----------------+----------------+
|  3   7   1  .. | ..   2   8   4 | 
|  4   6   8  .. |  5   3  ..   1 | 
+----------------+----------------+
|  8   4   2   3 | ..  ..   5   6 | 
|  7  ..   5   6 |  4  ..   2   3 | 
+----------------+----------------+
|  1   5   7   8 |  3   6   4   2 | 
| ..   3   6   4 | ..   7   1   5 | 
+----------------+----------------+

+----------------+----------------+
|  5   2   3   7 |  1   4   6   8 | 
|  6   8   4   1 |  2   5   3   7 | 
+----------------+----------------+
|  3   7   1   5 |  6   2   8   4 | 
|  4   6   8   2 |  5   3   7   1 | 
+----------------+----------------+
|  8   4   2   3 |  7   1   5   6 | 
|  7   1   5   6 |  4   8   2   3 | 
+----------------+----------------+
|  1   5   7   8 |  3   6   4   2 | 
|  2   3   6   4 |  8   7   1   5 | 
+----------------+----------------+

Lesson >> 80
Difficulty score: 10
+----------------+----------------+
|  1  ..   8   4 |  6   7   2  .. | 
|  3   7   6   2 |  8  ..   1   5 | 
+----------------+----------------+
|  8   6   1   7 |  4   5   3   2 | 
|  5   2  ..   3 |  7  ..  ..   6 | 
+----------------+----------------+
|  4   1   3  .. | ..   8   6   7 | 
|  7   8   2   6 |  1   3   5   4 | 
+----------------+----------------+
|  2   3   7  .. |  5   6   4   1 | 
|  6  ..   5   1 |  3   2   7   8 | 
+----------------+----------------+

+----------------+----------------+
|  1   5   8   4 |  6   7   2   3 | 
|  3   7   6   2 |  8   4   1   5 | 
+----------------+----------------+
|  8   6   1   7 |  4   5   3   2 | 
|  5   2   4   3 |  7   1   8   6 | 
+----------------+----------------+
|  4   1   3   5 |  2   8   6   7 | 
|  7   8   2   6 |  1   3   5   4 | 
+----------------+----------------+
|  2   3   7   8 |  5   6   4   1 | 
|  6   4   5   1 |  3   2   7   8 | 
+----------------+----------------+

Lesson >> 81
Difficulty score: 10
+----------------+----------------+
|  1   6   8   5 | ..   7   2   3 | 
|  2   3  ..   4 |  8   5   1   6 | 
+----------------+----------------+
|  6   2   5   1 |  3   8  ..   7 | 
|  3   7   4   8 |  5   1  ..   2 | 
+----------------+----------------+
|  8   4   2  .. |  1   3   7  .. | 
|  7   5   1   3 |  6   2   8  .. | 
+----------------+----------------+
|  4   8   3   7 |  2  ..   5   1 | 
| ..  ..   6   2 |  7   4   3   8 | 
+----------------+----------------+

+----------------+----------------+
|  1   6   8   5 |  4   7   2   3 | 
|  2   3   7   4 |  8   5   1   6 | 
+----------------+----------------+
|  6   2   5   1 |  3   8   4   7 | 
|  3   7   4   8 |  5   1   6   2 | 
+----------------+----------------+
|  8   4   2   6 |  1   3   7   5 | 
|  7   5   1   3 |  6   2   8   4 | 
+----------------+----------------+
|  4   8   3   7 |  2   6   5   1 | 
|  5   1   6   2 |  7   4   3   8 | 
+----------------+----------------+

Lesson >> 82
Difficulty score: 10
+----------------+----------------+
|  7   1   3   2 |  5   4   6   8 | 
|  8   4   5   6 |  3   7   1   2 | 
+----------------+----------------+
|  4   3  ..   7 |  8   2   5   1 | 
| ..  ..   8   1 |  6  ..   4   7 | 
+----------------+----------------+
|  6  ..   2  .. |  4   1  ..   5 | 
|  1   5   7  .. |  2   6   8   3 | 
+----------------+----------------+
|  2  ..  ..   8 |  1   5   3   6 | 
|  3   6   1   5 |  7   8   2   4 | 
+----------------+----------------+

+----------------+----------------+
|  7   1   3   2 |  5   4   6   8 | 
|  8   4   5   6 |  3   7   1   2 | 
+----------------+----------------+
|  4   3   6   7 |  8   2   5   1 | 
|  5   2   8   1 |  6   3   4   7 | 
+----------------+----------------+
|  6   8   2   3 |  4   1   7   5 | 
|  1   5   7   4 |  2   6   8   3 | 
+----------------+----------------+
|  2   7   4   8 |  1   5   3   6 | 
|  3   6   1   5 |  7   8   2   4 | 
+----------------+----------------+

Lesson >> 83
Difficulty score: 10
+----------------+----------------+
|  7   1   5   6 |  4   8  ..   3 | 
|  3  ..   8   4 |  6  ..   7  .. | 
+----------------+----------------+
|  6   7  ..   2 |  8   5   4   1 | 
|  5  ..   1   8 |  3   2   6  .. | 
+----------------+----------------+
|  2   3   7   5 |  1   6   8  .. | 
|  4   8   6   1 |  5   7   3   2 | 
+----------------+----------------+
|  1   6  ..   7 |  2   3   5   8 | 
|  8   5  ..   3 |  7   4   1   6 | 
+----------------+----------------+

+----------------+----------------+
|  7   1   5   6 |  4   8   2   3 | 
|  3   2   8   4 |  6   1   7   5 | 
+----------------+----------------+
|  6   7   3   2 |  8   5   4   1 | 
|  5   4   1   8 |  3   2   6   7 | 
+----------------+----------------+
|  2   3   7   5 |  1   6   8   4 | 
|  4   8   6   1 |  5   7   3   2 | 
+----------------+----------------+
|  1   6   4   7 |  2   3   5   8 | 
|  8   5   2   3 |  7   4   1   6 | 
+----------------+----------------+

Lesson >> 84
Difficulty score: 10
+----------------+----------------+
|  1   5   4  .. |  2   3   7   6 | 
|  2   6   7   3 |  1   8   5   4 | 
+----------------+----------------+
| ..   7   8   4 |  3  ..   2   1 | 
| ..   2   6   1 |  7   5   4   8 | 
+----------------+----------------+
|  4   1  ..   6 |  5  ..   8   3 | 
|  8  ..   5   7 | ..   1  ..   2 | 
+----------------+----------------+
|  7   8   3  .. |  6   4   1   5 | 
|  6   4   1   5 |  8   2   3   7 | 
+----------------+----------------+

+----------------+----------------+
|  1   5   4   8 |  2   3   7   6 | 
|  2   6   7   3 |  1   8   5   4 | 
+----------------+----------------+
|  5   7   8   4 |  3   6   2   1 | 
|  3   2   6   1 |  7   5   4   8 | 
+----------------+----------------+
|  4   1   2   6 |  5   7   8   3 | 
|  8   3   5   7 |  4   1   6   2 | 
+----------------+----------------+
|  7   8   3   2 |  6   4   1   5 | 
|  6   4   1   5 |  8   2   3   7 | 
+----------------+----------------+

Lesson >> 85
Difficulty score: 10
+----------------+----------------+
| ..  ..   5   8 |  7   3   2   4 | 
|  4  ..   2   3 |  6   5   1   8 | 
+----------------+----------------+
|  8   2   1   7 |  5   4   3   6 | 
|  6   5   3  .. |  8   1   7   2 | 
+----------------+----------------+
| ..  ..   4   6 |  2   8   5  .. | 
|  5   8   7   2 |  3  ..   4   1 | 
+----------------+----------------+
|  7   4   6   5 | ..   2   8   3 | 
|  2   3   8   1 |  4   7  ..   5 | 
+----------------+----------------+

+----------------+----------------+
|  1   6   5   8 |  7   3   2   4 | 
|  4   7   2   3 |  6   5   1   8 | 
+----------------+----------------+
|  8   2   1   7 |  5   4   3   6 | 
|  6   5   3   4 |  8   1   7   2 | 
+----------------+----------------+
|  3   1   4   6 |  2   8   5   7 | 
|  5   8   7   2 |  3   6   4   1 | 
+----------------+----------------+
|  7   4   6   5 |  1   2   8   3 | 
|  2   3   8   1 |  4   7   6   5 | 
+----------------+----------------+

Lesson >> 86
Difficulty score: 10
+----------------+----------------+
|  1   5   3  .. |  8   4   2   7 | 
|  2   4  ..   7 |  6   5   3   1 | 
+----------------+----------------+
|  4   8   2   1 |  5   3   7   6 | 
|  5   6   7   3 |  1  ..   4   2 | 
+----------------+----------------+
|  7   1   6   4 | ..  ..   8   5 | 
|  3   2   5   8 |  7   6   1   4 | 
+----------------+----------------+
|  6  ..   1  .. |  4   7   5   8 | 
|  8   7   4   5 | ..   1  ..  .. | 
+----------------+----------------+

+----------------+----------------+
|  1   5   3   6 |  8   4   2   7 | 
|  2   4   8   7 |  6   5   3   1 | 
+----------------+----------------+
|  4   8   2   1 |  5   3   7   6 | 
|  5   6   7   3 |  1   8   4   2 | 
+----------------+----------------+
|  7   1   6   4 |  3   2   8   5 | 
|  3   2   5   8 |  7   6   1   4 | 
+----------------+----------------+
|  6   3   1   2 |  4   7   5   8 | 
|  8   7   4   5 |  2   1   6   3 | 
+----------------+----------------+

Lesson >> 87
Difficulty score: 10
+----------------+----------------+
|  6   1   5  .. |  7   2   4   3 | 
|  3   4   2   7 |  5   1   6   8 | 
+----------------+----------------+
|  8   5   7   4 |  1   6   3   2 | 
| ..   6  ..  .. |  4  ..   5   7 | 
+----------------+----------------+
|  4  ..   8   1 |  6  ..   7   5 | 
|  7   3  ..   5 |  8   4  ..   1 | 
+----------------+----------------+
|  2   7   1   6 |  3   5   8   4 | 
| ..   8   4   3 |  2   7   1   6 | 
+----------------+----------------+

+----------------+----------------+
|  6   1   5   8 |  7   2   4   3 | 
|  3   4   2   7 |  5   1   6   8 | 
+----------------+----------------+
|  8   5   7   4 |  1   6   3   2 | 
|  1   6   3   2 |  4   8   5   7 | 
+----------------+----------------+
|  4   2   8   1 |  6   3   7   5 | 
|  7   3   6   5 |  8   4   2   1 | 
+----------------+----------------+
|  2   7   1   6 |  3   5   8   4 | 
|  5   8   4   3 |  2   7   1   6 | 
+----------------+----------------+

Lesson >> 88
Difficulty score: 10
+----------------+----------------+
|  6   5   2   1 |  3   4   8  .. | 
|  7   3   4  .. |  2   5   1   6 | 
+----------------+----------------+
|  4   8  ..   3 |  6   2   7   5 | 
|  2   7   6   5 |  8   1  ..   3 | 
+----------------+----------------+
|  1   6   5   7 |  4   8  ..   2 | 
|  3   2   8   4 | ..   7   6   1 | 
+----------------+----------------+
| ..   4   7  .. |  1   3   2  .. | 
|  8   1   3   2 | ..   6   5   4 | 
+----------------+----------------+

+----------------+----------------+
|  6   5   2   1 |  3   4   8   7 | 
|  7   3   4   8 |  2   5   1   6 | 
+----------------+----------------+
|  4   8   1   3 |  6   2   7   5 | 
|  2   7   6   5 |  8   1   4   3 | 
+----------------+----------------+
|  1   6   5   7 |  4   8   3   2 | 
|  3   2   8   4 |  5   7   6   1 | 
+----------------+----------------+
|  5   4   7   6 |  1   3   2   8 | 
|  8   1   3   2 |  7   6   5   4 | 
+----------------+----------------+

Lesson >> 89
Difficulty score: 10
+----------------+----------------+
|  5   7   3   2 |  1   8   4   6 | 
|  4   1   6   8 | ..  ..  ..   5 | 
+----------------+----------------+
|  7  ..   1  .. |  2   5   6   8 | 
| ..   8   2   5 |  4   1   7  .. | 
+----------------+----------------+
|  1   2   5   6 |  3   7   8   4 | 
|  8   3   7   4 |  6  ..   5   1 | 
+----------------+----------------+
| ..   6   8   7 |  5   4   1   2 | 
| ..   5   4   1 |  8   6   3   7 | 
+----------------+----------------+

+----------------+----------------+
|  5   7   3   2 |  1   8   4   6 | 
|  4   1   6   8 |  7   3   2   5 | 
+----------------+----------------+
|  7   4   1   3 |  2   5   6   8 | 
|  6   8   2   5 |  4   1   7   3 | 
+----------------+----------------+
|  1   2   5   6 |  3   7   8   4 | 
|  8   3   7   4 |  6   2   5   1 | 
+----------------+----------------+
|  3   6   8   7 |  5   4   1   2 | 
|  2   5   4   1 |  8   6   3   7 | 
+----------------+----------------+

Lesson >> 90
Difficulty score: 10
+----------------+----------------+
|  1   5   7   8 |  4  ..   6  .. | 
|  4  ..   3   2 |  7   8   5   1 | 
+----------------+----------------+
| ..   1   8  .. |  2   4  ..   7 | 
|  3   7   2   4 |  1   5   8  .. | 
+----------------+----------------+
|  7   4   6   3 |  5   1   2   8 | 
|  2   8   5   1 |  3   6  ..   4 | 
+----------------+----------------+
|  8   2  ..   7 |  6   3   1  .. | 
|  6   3   1   5 |  8   7   4   2 | 
+----------------+----------------+

+----------------+----------------+
|  1   5   7   8 |  4   2   6   3 | 
|  4   6   3   2 |  7   8   5   1 | 
+----------------+----------------+
|  5   1   8   6 |  2   4   3   7 | 
|  3   7   2   4 |  1   5   8   6 | 
+----------------+----------------+
|  7   4   6   3 |  5   1   2   8 | 
|  2   8   5   1 |  3   6   7   4 | 
+----------------+----------------+
|  8   2   4   7 |  6   3   1   5 | 
|  6   3   1   5 |  8   7   4   2 | 
+----------------+----------------+

Lesson >> 91
Difficulty score: 10
+----------------+----------------+
| ..   5   3   4 |  6   2   7   1 | 
|  1   2   6   7 |  3   5   4  .. | 
+----------------+----------------+
|  2   3   7   6 |  8   4  ..   5 | 
| ..   4  ..  .. |  7   3   2   6 | 
+----------------+----------------+
|  4   6   8   3 |  1   7   5   2 | 
|  7   1   5   2 |  4   6   8  .. | 
+----------------+----------------+
|  6   7   2   1 |  5   8   3   4 | 
|  3   8  ..  .. | ..   1   6   7 | 
+----------------+----------------+

+----------------+----------------+
|  8   5   3   4 |  6   2   7   1 | 
|  1   2   6   7 |  3   5   4   8 | 
+----------------+----------------+
|  2   3   7   6 |  8   4   1   5 | 
|  5   4   1   8 |  7   3   2   6 | 
+----------------+----------------+
|  4   6   8   3 |  1   7   5   2 | 
|  7   1   5   2 |  4   6   8   3 | 
+----------------+----------------+
|  6   7   2   1 |  5   8   3   4 | 
|  3   8   4   5 |  2   1   6   7 | 
+----------------+----------------+

Lesson >> 92
Difficulty score: 10
+----------------+----------------+
| ..   3   5   4 | ..   8   7   2 | 
|  2   6   8   7 |  1   3   4   5 | 
+----------------+----------------+
| ..   1   7   8 |  5   2   6   4 | 
|  4   5   2   6 |  8   7   3   1 | 
+----------------+----------------+
| ..   8   3   2 |  4   6  ..  .. | 
|  6   7   4   1 |  2   5   8   3 | 
+----------------+----------------+
|  7   4  ..   5 |  3   1  ..   8 | 
|  8   2  ..   3 | ..   4   5   6 | 
+----------------+----------------+

+----------------+----------------+
|  1   3   5   4 |  6   8   7   2 | 
|  2   6   8   7 |  1   3   4   5 | 
+----------------+----------------+
|  3   1   7   8 |  5   2   6   4 | 
|  4   5   2   6 |  8   7   3   1 | 
+----------------+----------------+
|  5   8   3   2 |  4   6   1   7 | 
|  6   7   4   1 |  2   5   8   3 | 
+----------------+----------------+
|  7   4   6   5 |  3   1   2   8 | 
|  8   2   1   3 |  7   4   5   6 | 
+----------------+----------------+

Lesson >> 93
Difficulty score: 10
+----------------+----------------+
| ..   6   2   1 |  7   8   4   5 | 
| ..  ..   8  .. |  3   1   2   6 | 
+----------------+----------------+
|  6   2   7   4 |  1   3   5   8 | 
|  5   3  ..   8 |  2  ..   6   7 | 
+----------------+----------------+
|  1  ..   5   2 |  8   6   7   3 | 
|  8   7   3   6 |  5   2   1   4 | 
+----------------+----------------+
|  7   1  ..   3 |  6   5   8  .. | 
|  2   8  ..   5 |  4   7   3   1 | 
+----------------+----------------+

+----------------+----------------+
|  3   6   2   1 |  7   8   4   5 | 
|  4   5   8   7 |  3   1   2   6 | 
+----------------+----------------+
|  6   2   7   4 |  1   3   5   8 | 
|  5   3   1   8 |  2   4   6   7 | 
+----------------+----------------+
|  1   4   5   2 |  8   6   7   3 | 
|  8   7   3   6 |  5   2   1   4 | 
+----------------+----------------+
|  7   1   4   3 |  6   5   8   2 | 
|  2   8   6   5 |  4   7   3   1 | 
+----------------+----------------+

Lesson >> 94
Difficulty score: 10
+----------------+----------------+
|  1   7   8  .. |  2   3   6   5 | 
|  6   3   5   2 |  4   8   1   7 | 
+----------------+----------------+
|  4  ..   6   3 |  1   7   5   2 | 
|  5   1   2   7 |  6   4   8   3 | 
+----------------+----------------+
|  8   4   3   6 |  5   2  ..   1 | 
|  2  ..   7   1 |  8   6   3   4 | 
+----------------+----------------+
|  7   2   1   8 |  3   5  ..  .. | 
|  3  ..   4   5 | ..   1  ..  .. | 
+----------------+----------------+

+----------------+----------------+
|  1   7   8   4 |  2   3   6   5 | 
|  6   3   5   2 |  4   8   1   7 | 
+----------------+----------------+
|  4   8   6   3 |  1   7   5   2 | 
|  5   1   2   7 |  6   4   8   3 | 
+----------------+----------------+
|  8   4   3   6 |  5   2   7   1 | 
|  2   5   7   1 |  8   6   3   4 | 
+----------------+----------------+
|  7   2   1   8 |  3   5   4   6 | 
|  3   6   4   5 |  7   1   2   8 | 
+----------------+----------------+

Lesson >> 95
Difficulty score: 10
+----------------+----------------+
|  3  ..   8   6 |  4   7   2   5 | 
|  4   2   5   7 |  3   8   1   6 | 
+----------------+----------------+
|  7  ..   6   4 |  8   2  ..   1 | 
|  1  ..   2   5 |  7   6  ..   3 | 
+----------------+----------------+
|  5   4   3   8 | ..  ..   6   7 | 
|  6  ..   1  .. |  5   4   3   8 | 
+----------------+----------------+
|  8   6   4   3 |  1   5   7   2 | 
|  2   5   7   1 |  6   3  ..   4 | 
+----------------+----------------+

+----------------+----------------+
|  3   1   8   6 |  4   7   2   5 | 
|  4   2   5   7 |  3   8   1   6 | 
+----------------+----------------+
|  7   3   6   4 |  8   2   5   1 | 
|  1   8   2   5 |  7   6   4   3 | 
+----------------+----------------+
|  5   4   3   8 |  2   1   6   7 | 
|  6   7   1   2 |  5   4   3   8 | 
+----------------+----------------+
|  8   6   4   3 |  1   5   7   2 | 
|  2   5   7   1 |  6   3   8   4 | 
+----------------+----------------+

Lesson >> 96
Difficulty score: 10
+----------------+----------------+
|  1   2   5  .. |  4   3   6   7 | 
|  6   7   4   3 |  5  ..   2   1 | 
+----------------+----------------+
|  4   5  ..   7 | ..  ..   1   3 | 
|  8   3   1   2 |  6   4   7   5 | 
+----------------+----------------+
| ..   6   3   4 |  1   7   8   2 | 
|  2   8  ..   1 |  3   6   5   4 | 
+----------------+----------------+
| ..   4   8  .. |  2   1   3   6 | 
|  3   1   2  .. |  7   5   4   8 | 
+----------------+----------------+

+----------------+----------------+
|  1   2   5   8 |  4   3   6   7 | 
|  6   7   4   3 |  5   8   2   1 | 
+----------------+----------------+
|  4   5   6   7 |  8   2   1   3 | 
|  8   3   1   2 |  6   4   7   5 | 
+----------------+----------------+
|  5   6   3   4 |  1   7   8   2 | 
|  2   8   7   1 |  3   6   5   4 | 
+----------------+----------------+
|  7   4   8   5 |  2   1   3   6 | 
|  3   1   2   6 |  7   5   4   8 | 
+----------------+----------------+

Lesson >> 97
Difficulty score: 10
+----------------+----------------+
|  6   1   2   7 |  8  ..   5  .. | 
|  5   8   3   4 |  1   6   2  .. | 
+----------------+----------------+
| ..   5   1   8 |  2  ..   4   6 | 
|  2   7   4   6 |  3   1   8   5 | 
+----------------+----------------+
|  1   4  ..   2 |  7  ..   6   3 | 
|  7   6   8  .. |  4   5   1   2 | 
+----------------+----------------+
| ..   3   6   1 |  5  ..   7   8 | 
|  8   2   7   5 |  6   4   3   1 | 
+----------------+----------------+

+----------------+----------------+
|  6   1   2   7 |  8   3   5   4 | 
|  5   8   3   4 |  1   6   2   7 | 
+----------------+----------------+
|  3   5   1   8 |  2   7   4   6 | 
|  2   7   4   6 |  3   1   8   5 | 
+----------------+----------------+
|  1   4   5   2 |  7   8   6   3 | 
|  7   6   8   3 |  4   5   1   2 | 
+----------------+----------------+
|  4   3   6   1 |  5   2   7   8 | 
|  8   2   7   5 |  6   4   3   1 | 
+----------------+----------------+

Lesson >> 98
Difficulty score: 10
+----------------+----------------+
|  1   8   2   6 |  7   3   4   5 | 
|  5   4   3   7 |  8   2  ..   1 | 
+----------------+----------------+
|  8  ..   7   5 | ..  ..   1   4 | 
|  3   6  ..  .. | ..   8   7   2 | 
+----------------+----------------+
|  6   7   1   2 | ..   5   3   8 | 
|  4   5  ..   3 |  1   7   2   6 | 
+----------------+----------------+
|  2   3   5   4 | ..   1   8   7 | 
|  7   1   6   8 |  2   4   5   3 | 
+----------------+----------------+

+----------------+----------------+
|  1   8   2   6 |  7   3   4   5 | 
|  5   4   3   7 |  8   2   6   1 | 
+----------------+----------------+
|  8   2   7   5 |  3   6   1   4 | 
|  3   6   4   1 |  5   8   7   2 | 
+----------------+----------------+
|  6   7   1   2 |  4   5   3   8 | 
|  4   5   8   3 |  1   7   2   6 | 
+----------------+----------------+
|  2   3   5   4 |  6   1   8   7 | 
|  7   1   6   8 |  2   4   5   3 | 
+----------------+----------------+

Lesson >> 99
Difficulty score: 10
+----------------+----------------+
|  1   5   6   3 |  7   4  ..   2 | 
|  2   7   4   8 |  3  ..   6   1 | 
+----------------+----------------+
|  8   3  ..   5 |  4   2   7   6 | 
|  6   2   7   4 |  8  ..   3   5 | 
+----------------+----------------+
|  5  ..   8   2 |  1   7   4   3 | 
|  4   1   3   7 |  2  ..  ..   8 | 
+----------------+----------------+
|  7  ..   2   6 |  5   3   1   4 | 
|  3   4  ..   1 |  6   8   2  .. | 
+----------------+----------------+

+----------------+----------------+
|  1   5   6   3 |  7   4   8   2 | 
|  2   7   4   8 |  3   5   6   1 | 
+----------------+----------------+
|  8   3   1   5 |  4   2   7   6 | 
|  6   2   7   4 |  8   1   3   5 | 
+----------------+----------------+
|  5   6   8   2 |  1   7   4   3 | 
|  4   1   3   7 |  2   6   5   8 | 
+----------------+----------------+
|  7   8   2   6 |  5   3   1   4 | 
|  3   4   5   1 |  6   8   2   7 | 
+----------------+----------------+

Lesson >> 100
Difficulty score: 10
+----------------+----------------+
| ..   4   1   2 |  3   6   8   7 | 
|  8   6   7   3 |  1   5   2   4 | 
+----------------+----------------+
|  3   1   8   6 | ..  ..   4   5 | 
|  4  ..   5   7 |  6   8   3   1 | 
+----------------+----------------+
|  7  ..  ..   8 |  5   4   1   6 | 
|  1   5  ..   4 |  8   3   7   2 | 
+----------------+----------------+
|  2   7   3   5 |  4  ..  ..  .. | 
|  6   8   4   1 |  2   7   5   3 | 
+----------------+----------------+

+----------------+----------------+
|  5   4   1   2 |  3   6   8   7 | 
|  8   6   7   3 |  1   5   2   4 | 
+----------------+----------------+
|  3   1   8   6 |  7   2   4   5 | 
|  4   2   5   7 |  6   8   3   1 | 
+----------------+----------------+
|  7   3   2   8 |  5   4   1   6 | 
|  1   5   6   4 |  8   3   7   2 | 
+----------------+----------------+
|  2   7   3   5 |  4   1   6   8 | 
|  6   8   4   1 |  2   7   5   3 | 
+----------------+----------------+
