
Puzzle number: 99
Difficulty score: 2439
+----------------+----------------+----------------+----------------+
| ..  ..  12  .. |  6  16   7  .. |  8   1  11  .. | ..  ..  ..   2 |
| ..  ..  ..  .. | ..  ..   3   5 | 13  ..  ..   6 | ..  11  ..   8 |
| ..   9   7   8 | ..   2  ..  13 |  3  ..  10  .. |  6  ..   5  12 |
| ..   4  ..  11 |  9  ..  10  .. | 16  ..  12  .. |  7  ..   1  .. |
+----------------+----------------+----------------+----------------+
|  5  ..  ..  12 |  2   4  ..  .. |  9   8  ..  10 | 13  ..   3  15 |
|  4  ..  ..   6 | ..  ..  ..  16 | ..  ..  ..   3 | ..   2  ..   9 |
|  3  ..  ..   2 | ..  ..  12  10 | ..  ..  ..   4 | ..   8  ..   1 |
| ..  10  ..  .. | ..  ..  ..  .. | 12  15  13  .. |  5  ..  ..  .. |
+----------------+----------------+----------------+----------------+
| ..  14   2  .. | ..  15  ..   1 | 10  ..  ..  13 | ..  12  ..  16 |
| ..  ..   4  16 | 12  13  ..   2 | 11  14  ..  .. | ..  ..  10   6 |
| 11  12  ..  .. |  3  10  ..  .. | ..  ..   5  .. | ..  14  ..  .. |
|  1   3  ..  13 | ..  ..   6  .. | ..  12   7  .. | ..  ..   8   5 |
+----------------+----------------+----------------+----------------+
|  9  11  ..  .. | ..  ..  ..  .. | ..  16  ..  12 | ..   3  15  14 |
| ..   2  ..  .. | 15   1   9  .. | ..  ..  ..  .. | ..  ..  ..  13 |
| ..  15   5  .. |  8  ..  ..  .. | ..  ..  ..  .. | 12  ..   2   4 |
| 12  ..  ..  .. | 16  14  ..  .. | 15  13   8   1 | ..  ..  ..  10 |
+----------------+----------------+----------------+----------------+

+----------------+----------------+----------------+----------------+
| 13   5  12   3 |  6  16   7  14 |  8   1  11   9 | 15  10   4   2 |
|  2  16   1  10 |  4  12   3   5 | 13   7  15   6 | 14  11   9   8 |
| 15   9   7   8 | 11   2   1  13 |  3   4  10  14 |  6  16   5  12 |
| 14   4   6  11 |  9   8  10  15 | 16   2  12   5 |  7  13   1   3 |
+----------------+----------------+----------------+----------------+
|  5   1  14  12 |  2   4  11   6 |  9   8  16  10 | 13   7   3  15 |
|  4   8  11   6 | 13   7  15  16 |  1   5  14   3 | 10   2  12   9 |
|  3  13  15   2 |  5   9  12  10 |  7  11   6   4 | 16   8  14   1 |
|  7  10  16   9 |  1   3  14   8 | 12  15  13   2 |  5   4   6  11 |
+----------------+----------------+----------------+----------------+
|  6  14   2   5 |  7  15   8   1 | 10   9   3  13 |  4  12  11  16 |
|  8   7   4  16 | 12  13   5   2 | 11  14   1  15 |  3   9  10   6 |
| 11  12   9  15 |  3  10  16   4 |  2   6   5   8 |  1  14  13   7 |
|  1   3  10  13 | 14  11   6   9 |  4  12   7  16 |  2  15   8   5 |
+----------------+----------------+----------------+----------------+
|  9  11  13   1 | 10   5   4   7 |  6  16   2  12 |  8   3  15  14 |
| 10   2   8  14 | 15   1   9  12 |  5   3   4   7 | 11   6  16  13 |
| 16  15   5   7 |  8   6  13   3 | 14  10   9  11 | 12   1   2   4 |
| 12   6   3   4 | 16  14   2  11 | 15  13   8   1 |  9   5   7  10 |
+----------------+----------------+----------------+----------------+

Puzzle number: 98
Difficulty score: 2233
+----------------+----------------+----------------+----------------+
|  2  16  11  12 | 13   4   8   9 | ..  ..  15   3 |  5  ..  14  10 |
|  1   9   8  13 |  3  ..   5  16 | ..  ..  ..  .. |  4  11   2   6 |
| ..   7  ..   5 | 10   1  ..   2 |  4  16  13  11 | 12   3  ..   9 |
| ..  ..  ..   3 |  7  ..  ..  .. |  8   2   5   9 | ..  ..  ..  .. |
+----------------+----------------+----------------+----------------+
| ..  ..  ..  .. | ..   7  15  .. | 16  ..   1   5 | ..  ..  10   4 |
| ..  ..  13  .. | 12  ..   4  11 | ..  ..   3   6 |  1  ..   9  15 |
| ..  ..  ..  .. | 16   6  ..  .. | ..  ..  ..  .. | ..  ..  ..  .. |
|  7  ..   2  .. | ..  13  ..  .. | 11  10   8  .. | 16  ..  ..  .. |
+----------------+----------------+----------------+----------------+
| 11  ..  ..  .. | ..  12  ..  .. | ..  ..  10  .. | ..  15  ..  .. |
| ..   5  10   4 | ..   2  ..  .. |  1  ..   6  .. | ..  ..  12  .. |
| ..  14  12  .. | 15   3  ..   1 | ..  ..  ..   2 | ..  ..  ..  16 |
| ..   3  ..  .. | ..   8  10  .. |  9  ..  12  16 | ..  ..   5  13 |
+----------------+----------------+----------------+----------------+
| 10  12   7  .. |  6  ..  ..  14 |  2   8  ..  .. |  3  ..   4  .. |
| ..  ..   6  .. |  8  ..  ..  10 | ..   5  ..  15 | 13  ..   7  .. |
|  8  ..  ..  .. | ..   5  12  .. | ..  ..  16  .. | ..   9  ..  .. |
| 16  13  ..  .. | ..   9   2   7 |  3  ..  14  .. |  6  12  ..  .. |
+----------------+----------------+----------------+----------------+

+----------------+----------------+----------------+----------------+
|  2  16  11  12 | 13   4   8   9 |  6   1  15   3 |  5   7  14  10 |
|  1   9   8  13 |  3  15   5  16 | 10  12   7  14 |  4  11   2   6 |
| 14   7  15   5 | 10   1   6   2 |  4  16  13  11 | 12   3   8   9 |
|  6  10   4   3 |  7  14  11  12 |  8   2   5   9 | 15  13  16   1 |
+----------------+----------------+----------------+----------------+
| 12  11   9   6 |  2   7  15   3 | 16  13   1   5 |  8  14  10   4 |
|  5   8  13  16 | 12  10   4  11 | 14   7   3   6 |  1   2   9  15 |
|  3   4  14  10 | 16   6   1   8 | 15   9   2  12 |  7   5  13  11 |
|  7  15   2   1 |  9  13  14   5 | 11  10   8   4 | 16   6   3  12 |
+----------------+----------------+----------------+----------------+
| 11   6  16   2 |  5  12   9   4 | 13   3  10   8 | 14  15   1   7 |
|  9   5  10   4 | 14   2  16  13 |  1  15   6   7 | 11   8  12   3 |
| 13  14  12   8 | 15   3   7   1 |  5  11   4   2 |  9  10   6  16 |
| 15   3   1   7 | 11   8  10   6 |  9  14  12  16 |  2   4   5  13 |
+----------------+----------------+----------------+----------------+
| 10  12   7  15 |  6  11  13  14 |  2   8   9   1 |  3  16   4   5 |
|  4   2   6   9 |  8  16   3  10 | 12   5  11  15 | 13   1   7  14 |
|  8   1   3  14 |  4   5  12  15 |  7   6  16  13 | 10   9  11   2 |
| 16  13   5  11 |  1   9   2   7 |  3   4  14  10 |  6  12  15   8 |
+----------------+----------------+----------------+----------------+

Puzzle number: 97
Difficulty score: 2237
+----------------+----------------+----------------+----------------+
| ..  ..  ..  .. | ..  ..  11  .. |  3  ..  14  15 | ..  16   6   2 |
|  2   6  ..  16 | ..  ..   4   3 | 12  ..  ..  .. | ..   9  ..  11 |
| ..  13  ..  .. | ..  ..   2  .. | ..  11  ..  .. | ..   3  ..  .. |
| ..  ..  ..  14 |  8  ..  15   6 | ..   9  ..  .. | ..   1  ..   5 |
+----------------+----------------+----------------+----------------+
| 10   9  ..  15 | ..  12  16  .. | ..   2  ..  14 | ..  13  ..   6 |
| 14   5  ..   8 | ..   6  10  .. |  4  13  16  .. | ..  15  ..  .. |
| ..   4  16  .. | ..  ..  ..  .. |  9  ..   5  .. | ..  ..  11  10 |
| ..   7   6  11 | ..  14  ..   5 | ..  ..  ..  .. | ..   2  ..  .. |
+----------------+----------------+----------------+----------------+
|  4  ..   5  .. | ..  ..  ..  .. | ..  10  ..  .. | ..  ..   1  .. |
|  9  11  ..  .. | ..  ..   1  15 | 13  ..   2  .. |  5   7  ..  .. |
| 15  ..  ..   1 | 10  ..   5  16 |  7   4  ..   8 | ..  11  ..  14 |
| ..  10  ..   6 | ..  ..  12  .. | ..   1  ..   5 |  9   4  15  .. |
+----------------+----------------+----------------+----------------+
|  1  ..   7   4 |  2   3   9  .. | ..  ..  15  .. | ..  ..  16  .. |
| ..  ..  ..   5 | 13  ..  ..  .. |  1  ..  10  .. |  2   6   7   9 |
| ..  14  10  .. | ..  15  ..  12 |  2   3   9  .. | 11  ..   4  .. |
| 11  ..  12   9 | 16  ..   6  .. | ..   7  13  .. | ..   5  ..  .. |
+----------------+----------------+----------------+----------------+

+----------------+----------------+----------------+----------------+
|  8   1   9  10 | 12   7  11  13 |  3   5  14  15 |  4  16   6   2 |
|  2   6  15  16 |  1   5   4   3 | 12   8   7  13 | 10   9  14  11 |
|  5  13   4   7 | 14  16   2   9 |  6  11   1  10 | 15   3   8  12 |
|  3  12  11  14 |  8  10  15   6 | 16   9   4   2 |  7   1  13   5 |
+----------------+----------------+----------------+----------------+
| 10   9   1  15 |  4  12  16   7 | 11   2   3  14 |  8  13   5   6 |
| 14   5   2   8 | 11   6  10   1 |  4  13  16  12 |  3  15   9   7 |
| 12   4  16   3 | 15   2  13   8 |  9   6   5   7 |  1  14  11  10 |
| 13   7   6  11 |  9  14   3   5 | 10  15   8   1 | 16   2  12   4 |
+----------------+----------------+----------------+----------------+
|  4  16   5   2 |  7  11   8  14 | 15  10   6   9 | 13  12   1   3 |
|  9  11  14  12 |  6   4   1  15 | 13  16   2   3 |  5   7  10   8 |
| 15   3  13   1 | 10   9   5  16 |  7   4  12   8 |  6  11   2  14 |
|  7  10   8   6 |  3  13  12   2 | 14   1  11   5 |  9   4  15  16 |
+----------------+----------------+----------------+----------------+
|  1   8   7   4 |  2   3   9  11 |  5  14  15   6 | 12  10  16  13 |
| 16  15   3   5 | 13   8  14   4 |  1  12  10  11 |  2   6   7   9 |
|  6  14  10  13 |  5  15   7  12 |  2   3   9  16 | 11   8   4   1 |
| 11   2  12   9 | 16   1   6  10 |  8   7  13   4 | 14   5   3  15 |
+----------------+----------------+----------------+----------------+
Puzzle number: 99
Difficulty score: 2341
+----------------+----------------+----------------+----------------+
|  6  ..  ..  .. | 13  ..  ..  .. | ..   2  ..  .. | ..  ..   8  12 | 
| ..  ..  15  13 |  2   4  ..  .. | ..   8  11  .. | ..   9   7  .. | 
| 12  ..  14  .. | ..  ..  15  .. | ..   6  ..   4 | ..  ..  11  16 | 
| ..   2  ..   3 | ..  ..  10   6 | ..  ..  16  .. | ..  14  ..  .. | 
+----------------+----------------+----------------+----------------+
|  3   7  10  .. | ..  14   6  .. |  9  ..   8  .. | ..  ..   2  .. | 
| ..  ..   5  .. | ..  10  16  .. | ..  13  ..  .. | ..  ..  ..  .. | 
|  1  13  ..  .. | ..   2  ..   7 | 15   4  ..  .. | ..  ..  ..   6 | 
| ..   8  ..  .. |  1  12   9  13 |  5  ..  ..   7 | ..  11  15  .. | 
+----------------+----------------+----------------+----------------+
|  7  12  13  .. | ..  16  ..  11 | ..  15   4   6 | ..  10  ..  .. | 
|  4  ..  ..  .. |  6  ..  ..  .. |  8  ..  ..  14 | 11  ..  ..   2 | 
| ..  ..   6   8 | ..   5  ..   1 | 11  ..  ..  .. | ..  ..  ..  .. | 
| 15  16  11  .. | ..  13  ..   2 |  7   1  ..  .. | ..  ..   6   3 | 
+----------------+----------------+----------------+----------------+
| ..   6  ..  .. | ..   1  11  15 | ..  14  12  .. |  4  ..   9  .. | 
| ..  ..   1   7 | 16  ..  12  .. |  3  10  ..   5 | ..   6  ..  .. | 
| ..  ..   8   4 |  3   7  ..  10 | 16  ..   6  .. |  1  ..  12  .. | 
|  5  ..  12  16 | ..  ..  ..   9 | ..  ..  ..   1 |  8  ..  10  .. | 
+----------------+----------------+----------------+----------------+

+----------------+----------------+----------------+----------------+
|  6  10   4  11 | 13   9   5  16 | 14   2   7  15 |  3   1   8  12 | 
| 16   5  15  13 |  2   4   1  14 | 12   8  11   3 |  6   9   7  10 | 
| 12   9  14   1 |  7   3  15   8 | 10   6  13   4 |  5   2  11  16 | 
|  8   2   7   3 | 12  11  10   6 |  1   5  16   9 | 15  14   4  13 | 
+----------------+----------------+----------------+----------------+
|  3   7  10  15 |  4  14   6   5 |  9  11   8  16 | 13  12   2   1 | 
| 11   4   5  12 | 15  10  16   3 |  6  13   1   2 |  9   7  14   8 | 
|  1  13  16   9 | 11   2   8   7 | 15   4  14  12 | 10   5   3   6 | 
| 14   8   2   6 |  1  12   9  13 |  5   3  10   7 | 16  11  15   4 | 
+----------------+----------------+----------------+----------------+
|  7  12  13   5 |  8  16   3  11 |  2  15   4   6 | 14  10   1   9 | 
|  4   1   9  10 |  6  15   7  12 |  8  16   3  14 | 11  13   5   2 | 
|  2   3   6   8 | 10   5  14   1 | 11  12   9  13 |  7   4  16  15 | 
| 15  16  11  14 |  9  13   4   2 |  7   1   5  10 | 12   8   6   3 | 
+----------------+----------------+----------------+----------------+
| 10   6   3   2 |  5   1  11  15 | 13  14  12   8 |  4  16   9   7 | 
|  9  11   1   7 | 16   8  12   4 |  3  10  15   5 |  2   6  13  14 | 
| 13  14   8   4 |  3   7   2  10 | 16   9   6  11 |  1  15  12   5 | 
|  5  15  12  16 | 14   6  13   9 |  4   7   2   1 |  8   3  10  11 | 
+----------------+----------------+----------------+----------------+

Puzzle number: 99
Difficulty score: 2132
+----------------+----------------+----------------+----------------+
|  1   7  ..  10 | ..  ..   5  11 | ..  14   9  12 | 13   4  ..  .. | 
|  3  ..   5  15 | ..  ..  12   9 |  4  ..   2  .. | 14   1  10   8 | 
| ..  ..  ..  .. |  3  14   8  .. | ..  15  ..  .. | 11   5  ..   6 | 
|  8  ..  ..  16 | ..   1  ..  .. |  5  ..   3  13 |  7  ..   9  15 | 
+----------------+----------------+----------------+----------------+
| 15  ..  ..  .. | 14  13  ..  .. |  3   9  ..   2 | ..  11  16  .. | 
|  7  ..  14  .. | ..  ..   9   4 | ..  10  ..  11 |  1  ..  15  .. | 
| ..  ..  ..   5 | ..  ..  ..  .. |  1  ..  ..  .. | ..  14   2  .. | 
| ..  10  16  .. | ..  ..   2  .. | 14  ..  ..  .. | ..  13  ..   9 | 
+----------------+----------------+----------------+----------------+
| 10  15   8  .. | ..  ..  13  .. | ..  ..  11   9 |  4   7   5  .. | 
| ..   1  ..  .. |  7  ..  ..   5 | ..   8   6  14 | ..  10  ..  12 | 
| ..  ..   7  .. | 10  12  ..   8 | ..   4  ..  .. | ..  ..  ..  .. | 
| 12  ..   4  13 | ..  ..   1  16 | ..   7   5  .. | 15  ..  11  14 | 
+----------------+----------------+----------------+----------------+
| ..  16   2  14 |  8   4  15   3 | ..  ..  12  .. | 10  ..   1  .. | 
| ..  ..  10   7 | 11   5  ..  .. | ..  ..  ..   4 | 12  15  ..  .. | 
|  5  ..  ..  .. | ..  ..   6  13 | ..  ..  ..  .. |  2  ..  ..   4 | 
| ..  ..  11   1 | ..  10  ..   2 | ..   3   8  .. | ..  ..  ..   5 | 
+----------------+----------------+----------------+----------------+

+----------------+----------------+----------------+----------------+
|  1   7   6  10 | 15   2   5  11 |  8  14   9  12 | 13   4   3  16 | 
|  3  11   5  15 | 13  16  12   9 |  4   6   2   7 | 14   1  10   8 | 
|  2   9  13   4 |  3  14   8   7 | 16  15   1  10 | 11   5  12   6 | 
|  8  14  12  16 |  4   1  10   6 |  5  11   3  13 |  7   2   9  15 | 
+----------------+----------------+----------------+----------------+
| 15   6   1   8 | 14  13   7  12 |  3   9   4   2 |  5  11  16  10 | 
|  7  13  14   2 |  5   8   9   4 |  6  10  16  11 |  1  12  15   3 | 
|  4  12   9   5 | 16  11   3  10 |  1  13  15   8 |  6  14   2   7 | 
| 11  10  16   3 |  1   6   2  15 | 14  12   7   5 |  8  13   4   9 | 
+----------------+----------------+----------------+----------------+
| 10  15   8   6 |  2   3  13  14 | 12  16  11   9 |  4   7   5   1 | 
| 16   1   3  11 |  7  15   4   5 |  2   8   6  14 |  9  10  13  12 | 
| 14   5   7   9 | 10  12  11   8 | 15   4  13   1 |  3  16   6   2 | 
| 12   2   4  13 |  6   9   1  16 | 10   7   5   3 | 15   8  11  14 | 
+----------------+----------------+----------------+----------------+
| 13  16   2  14 |  8   4  15   3 |  7   5  12   6 | 10   9   1  11 | 
|  6   3  10   7 | 11   5  16   1 |  9   2  14   4 | 12  15   8  13 | 
|  5   8  15  12 |  9   7   6  13 | 11   1  10  16 |  2   3  14   4 | 
|  9   4  11   1 | 12  10  14   2 | 13   3   8  15 | 16   6   7   5 | 
+----------------+----------------+----------------+----------------+

Puzzle number: 98
Difficulty score: 2041
+----------------+----------------+----------------+----------------+
|  3  ..  ..   2 | 13  ..  ..  .. | ..   1  ..  .. | ..  10  16  .. | 
| ..  ..  ..  .. |  9  ..  10   6 | ..   5  ..   2 | 14  ..  ..  13 | 
| 12  ..   4  .. | ..  ..  16   2 | ..  ..  13  11 |  5  ..  15  .. | 
| 15  ..  14  .. | ..  ..  12  .. | ..  ..  ..  .. |  9  ..   6  .. | 
+----------------+----------------+----------------+----------------+
| ..  ..  ..   9 |  5  ..  ..  11 |  3  16  ..  .. | ..   8  ..  .. | 
| ..  12  ..  .. | 15   4  ..  10 | 14  ..   8  .. | ..  ..  ..  .. | 
|  2   1   3   8 |  6  ..  ..  .. | 12   4  10  .. | 13  ..  ..  .. | 
| 10  ..  ..  .. | ..  ..  ..  .. | ..   6   9   1 |  3  ..   7  .. | 
+----------------+----------------+----------------+----------------+
| 11   9  ..  16 |  7   5  ..  13 | 10  14  ..   3 |  1  ..   2  .. | 
|  5  ..   2  10 | ..   6  11  .. | ..  ..   4   8 | ..  ..   9  .. | 
| ..  15  ..  .. |  2   9   4  .. | ..  ..  16  .. | ..  13  ..  .. | 
| 13   7  ..  .. | 16  ..  ..  15 | ..   2  ..   5 | ..  ..   8  14 | 
+----------------+----------------+----------------+----------------+
|  9  ..  16  .. |  8  ..  ..   4 |  2  ..  ..  .. |  7  ..  11  .. | 
| 14  ..  ..  15 | ..  16  ..  .. | ..   8  ..  .. | ..  12   3  .. | 
|  1  ..  ..  .. | 10  ..   6   9 | 16  ..  11   4 | ..  ..  14   2 | 
| ..  ..  ..  11 | ..  ..   5  .. | ..  15   7  .. |  8   9  ..  16 | 
+----------------+----------------+----------------+----------------+

+----------------+----------------+----------------+----------------+
|  3  11   9   2 | 13  15   7   5 |  4   1  14   6 | 12  10  16   8 | 
| 16   8   7   1 |  9   3  10   6 | 15   5  12   2 | 14  11   4  13 | 
| 12  10   4   6 | 14   8  16   2 |  7   9  13  11 |  5   1  15   3 | 
| 15   5  14  13 |  4  11  12   1 |  8  10   3  16 |  9   2   6   7 | 
+----------------+----------------+----------------+----------------+
|  7   4  15   9 |  5   1  14  11 |  3  16   2  13 | 10   8  12   6 | 
|  6  12  13   5 | 15   4   3  10 | 14  11   8   7 |  2  16   1   9 | 
|  2   1   3   8 |  6   7   9  16 | 12   4  10  15 | 13  14   5  11 | 
| 10  16  11  14 | 12   2  13   8 |  5   6   9   1 |  3  15   7   4 | 
+----------------+----------------+----------------+----------------+
| 11   9   6  16 |  7   5   8  13 | 10  14  15   3 |  1   4   2  12 | 
|  5  14   2  10 |  3   6  11  12 |  1  13   4   8 | 16   7   9  15 | 
|  8  15   1   3 |  2   9   4  14 | 11   7  16  12 |  6  13  10   5 | 
| 13   7  12   4 | 16  10   1  15 |  9   2   6   5 | 11   3   8  14 | 
+----------------+----------------+----------------+----------------+
|  9  13  16  12 |  8  14  15   4 |  2   3   5  10 |  7   6  11   1 | 
| 14   6   5  15 | 11  16   2   7 | 13   8   1   9 |  4  12   3  10 | 
|  1   3   8   7 | 10  13   6   9 | 16  12  11   4 | 15   5  14   2 | 
|  4   2  10  11 |  1  12   5   3 |  6  15   7  14 |  8   9  13  16 | 
+----------------+----------------+----------------+----------------+

Puzzle number: 99
Difficulty score: 2344
+----------------+----------------+----------------+----------------+
|  7  11  ..  16 |  9  ..  ..  15 |  4  ..  ..   6 |  5  ..  ..  .. | 
|  4   9  10  .. |  5  ..  ..   2 | ..  13  ..  .. | ..  ..  ..   1 | 
| ..  ..  ..   5 | 12  ..   6  .. |  9   2  ..  .. | ..  ..  ..  11 | 
| 15   2  13  .. | ..   4   1  .. | ..  16  ..  12 |  8   7  ..  .. | 
+----------------+----------------+----------------+----------------+
|  5  ..  ..  .. |  1  ..  ..  .. |  7  ..  ..   9 | 15  ..  ..  .. | 
| 14  12   9  .. | ..  ..  ..  .. | ..  10  13  .. | ..  ..   4  .. | 
| ..  16   8  15 | ..  ..   9  .. |  3  12  ..   1 | ..  11   5  14 | 
| ..   6  ..  .. | 16  13  12  .. | ..   5  ..  .. | ..  ..  ..  .. | 
+----------------+----------------+----------------+----------------+
| 13   3  14  .. | ..   1  15  .. | 10  ..  16   2 | 11   6  ..   5 | 
| ..  ..  11  .. | ..   3  ..  .. | ..  ..  ..   7 | ..  15  ..   4 | 
| 10   7   4  .. | ..  11  16  .. | 12  ..  14  .. | ..  ..  ..  13 | 
|  9  15  16  .. | ..  ..  ..  .. |  6  ..  ..   5 | ..  ..  ..  .. | 
+----------------+----------------+----------------+----------------+
| ..  10  ..  14 |  2  ..  ..   8 |  1  ..  ..   4 |  7  ..   6  15 | 
| ..   8   2   9 | 14  ..   7   1 |  5  ..  12  .. | ..  ..  ..  .. | 
| ..   1  15  .. | ..  ..  ..  .. | ..   9   8  .. | 16  ..  ..  12 | 
| ..  ..  ..   4 | 11  ..  ..  .. | ..  ..  ..  14 | ..   2  ..  .. | 
+----------------+----------------+----------------+----------------+

+----------------+----------------+----------------+----------------+
|  7  11  12  16 |  9  14   8  15 |  4   3   1   6 |  5  10  13   2 | 
|  4   9  10   6 |  5   7   3   2 |  8  13  15  11 | 14  16  12   1 | 
|  8  14   1   5 | 12  16   6  13 |  9   2   7  10 |  3   4  15  11 | 
| 15   2  13   3 | 10   4   1  11 | 14  16   5  12 |  8   7   9   6 | 
+----------------+----------------+----------------+----------------+
|  5   4   3  13 |  1   8  11   6 |  7  14   2   9 | 15  12  10  16 | 
| 14  12   9  11 | 15   5   2   3 | 16  10  13   8 |  6   1   4   7 | 
|  2  16   8  15 |  7  10   9   4 |  3  12   6   1 | 13  11   5  14 | 
|  1   6   7  10 | 16  13  12  14 | 11   5   4  15 |  2   3   8   9 | 
+----------------+----------------+----------------+----------------+
| 13   3  14  12 |  4   1  15   9 | 10   8  16   2 | 11   6   7   5 | 
|  6   5  11   2 |  8   3  14  12 | 13   1   9   7 | 10  15  16   4 | 
| 10   7   4   1 |  6  11  16   5 | 12  15  14   3 |  9   8   2  13 | 
|  9  15  16   8 | 13   2  10   7 |  6   4  11   5 | 12  14   1   3 | 
+----------------+----------------+----------------+----------------+
| 16  10   5  14 |  2  12  13   8 |  1  11   3   4 |  7   9   6  15 | 
|  3   8   2   9 | 14  15   7   1 |  5   6  12  16 |  4  13  11  10 | 
| 11   1  15   7 |  3   6   4  10 |  2   9   8  13 | 16   5  14  12 | 
| 12  13   6   4 | 11   9   5  16 | 15   7  10  14 |  1   2   3   8 | 
+----------------+----------------+----------------+----------------+

Puzzle number: 98
Difficulty score: 2438
+----------------+----------------+----------------+----------------+
| 10   9   6   7 | ..  13  ..  .. | ..  12   8  11 |  4  ..  ..  .. | 
| ..   8  ..  16 | 12   9   2  .. | ..  ..  ..  .. | 11  14  ..  .. | 
| ..  ..  11   3 |  4  ..  15   7 | 13   6  14  .. | 16  12   5  .. | 
| ..  14  ..  12 | ..  ..  ..  11 | 15  ..   2  .. | ..  ..  ..   3 | 
+----------------+----------------+----------------+----------------+
| 16  ..  ..  .. |  6  ..   9  .. | ..  13  ..  .. |  1   3  ..   4 | 
|  9   7  ..  .. | ..  ..  ..  .. |  1  ..  ..  .. | ..  ..   8  16 | 
| ..  ..   8  13 | ..  16   1  15 | ..  ..  ..  .. |  7  ..   9  .. | 
| ..  15   3  .. | ..  ..   4  .. |  2  ..  ..   8 | ..  ..  14  .. | 
+----------------+----------------+----------------+----------------+
| ..  10   9   4 | ..  ..   8  .. | ..  16   7  .. |  2  ..  ..  14 | 
| ..  ..   7  .. | 11  ..  ..  12 | ..  ..   9  .. | ..   4   1  .. | 
|  8   3  ..  11 | ..  ..  13   4 | ..   2   6  15 | ..  ..  ..  12 | 
| ..  ..  ..  .. | ..  14  ..  16 | ..   3  11  .. | ..  ..  ..  .. | 
+----------------+----------------+----------------+----------------+
|  7  11  10  .. | ..   2  ..   8 | ..  ..  13  16 | ..  ..  ..   1 | 
|  3  12  ..   9 | ..  ..   7  .. |  8  10  ..  .. |  6   2  11  .. | 
| 15   1  ..  .. | ..  ..   6  .. |  9  ..  12   2 | ..   8  ..   7 | 
|  2  13  ..  .. | ..  11  14  .. |  6  ..  ..  .. | 12  15  ..   5 | 
+----------------+----------------+----------------+----------------+

+----------------+----------------+----------------+----------------+
| 10   9   6   7 | 14  13   3   5 | 16  12   8  11 |  4   1   2  15 | 
|  5   8  15  16 | 12   9   2   6 |  7   1   3   4 | 11  14  13  10 | 
|  1   2  11   3 |  4  10  15   7 | 13   6  14   9 | 16  12   5   8 | 
|  4  14  13  12 |  8   1  16  11 | 15   5   2  10 |  9   7   6   3 | 
+----------------+----------------+----------------+----------------+
| 16   5   2  10 |  6   8   9  14 | 11  13  15   7 |  1   3  12   4 | 
|  9   7  12  14 | 13   3  11   2 |  1   4   5   6 | 15  10   8  16 | 
| 11   4   8  13 |  5  16   1  15 |  3  14  10  12 |  7   6   9   2 | 
|  6  15   3   1 |  7  12   4  10 |  2   9  16   8 | 13   5  14  11 | 
+----------------+----------------+----------------+----------------+
| 13  10   9   4 |  1   6   8   3 | 12  16   7   5 |  2  11  15  14 | 
| 14  16   7   2 | 11  15   5  12 | 10   8   9  13 |  3   4   1   6 | 
|  8   3   1  11 |  9   7  13   4 | 14   2   6  15 |  5  16  10  12 | 
| 12   6   5  15 |  2  14  10  16 |  4   3  11   1 |  8  13   7   9 | 
+----------------+----------------+----------------+----------------+
|  7  11  10   6 |  3   2  12   8 |  5  15  13  16 | 14   9   4   1 | 
|  3  12  16   9 | 15   5   7   1 |  8  10   4  14 |  6   2  11  13 | 
| 15   1  14   5 | 16   4   6  13 |  9  11  12   2 | 10   8   3   7 | 
|  2  13   4   8 | 10  11  14   9 |  6   7   1   3 | 12  15  16   5 | 
+----------------+----------------+----------------+----------------+
